-1.000000
-1.000000
-1.000000
-1.000000
-0.043666
-0.032410
-0.022358
-0.013120
-0.004652
0.005354
0.011458
0.012578
0.018508
0.022577
0.020761
0.015656
0.012264
0.005891
-0.000311
-0.005344
-0.012001
-0.015590
-0.017897
-0.013729
-0.010990
-0.004898
0.002338
0.007820
0.006504
-0.002137
-0.013464
-0.021697
-0.029236
-0.033381
-0.037173
-0.035619
-0.034549
-0.033617
-0.029237
-0.026797
-0.021460
-0.014389
-0.006202
-0.003031
0.001571
0.004044
0.009252
0.010332
0.009534
0.010427
0.014620
0.021941
0.026694
0.028292
0.031234
0.035664
0.040965
0.046751
0.049293
0.049180
0.048379
0.045791
0.044041
0.041693
0.038565
0.034880
0.035046
0.030801
0.031745
0.032992
0.028783
0.023523
0.020061
0.017049
0.013493
0.009311
0.005225
-0.000567
-0.005282
-0.005252
-0.007597
-0.012787
-0.016742
-0.021874
-0.026589
-0.028151
-0.027426
-0.027495
-0.026283
-0.024660
-0.022908
-0.017966
-0.011870
-0.001223
0.006856
0.014062
0.017590
0.019579
0.023655
0.030434
0.033491
0.032805
0.029775
0.027102
0.022686
0.022011
0.018121
0.014276
0.007329
-0.004269
-0.016542
-0.025924
-0.035668
-0.048769
-0.059320
-0.068946
-0.076817
-0.078028
-0.070151
-0.061788
-0.057137
-0.052283
-0.047889
-0.042768
-0.036449
-0.027664
-0.020575
-0.014675
-0.007277
0.000333
0.007520
0.012579
0.018688
0.024604
0.029035
0.033828
0.035619
0.034651
0.032829
0.029605
0.026949
0.023593
0.025390
0.026835
0.031078
0.036850
0.041140
0.045061
0.052473
0.057920
0.062458
0.066740
0.068664
0.067992
0.068691
0.065676
0.058249
0.047539
0.037466
0.024896
0.016387
0.010009
0.004345
-0.000144
-0.007282
-0.015550
-0.024558
-0.032616
-0.042216
-0.051456
-0.055989
-0.059822
-0.066197
-0.071216
-0.072707
-0.074409
-0.071777
-0.065325
-0.057050
-0.050777
-0.045283
-0.040963
-0.032957
-0.025189
-0.017620
-0.009815
-0.006636
-0.002036
0.003630
0.006788
0.007059
0.007729
0.010034
0.014239
0.021501
0.026117
0.030704
0.035682
0.039342
0.045026
0.049693
0.051183
0.050282
0.047315
0.043561
0.040907
0.038773
0.035911
0.034442
0.031787
0.029082
0.024909
0.021771
0.018818
0.016020
0.011649
0.007358
0.003656
-0.000455
-0.008224
-0.016013
-0.024470
-0.034421
-0.042252
-0.048991
-0.054751
-0.057878
-0.056784
-0.058060
-0.057203
-0.056040
-0.051769
-0.045518
-0.043908
-0.040879
-0.039619
-0.036662
-0.032982
-0.027262
-0.022601
-0.016321
-0.010875
-0.005464
0.002412
0.009611
0.015164
0.021917
0.025243
0.029492
0.030982
0.028243
0.027180
0.024444
0.023677
0.025374
0.022973
0.020815
0.015277
0.009865
0.004836
-0.000131
-0.006752
-0.012512
-0.018726
-0.024577
-0.030839
-0.033344
-0.027891
-0.018784
-0.011926
-0.005075
0.003079
0.008108
0.013155
0.019055
0.024713
0.030032
0.033918
0.035872
0.037609
0.039694
0.041657
0.037384
0.033851
0.031039
0.031001
0.029040
0.025999
0.022968
0.019298
0.016727
0.009572
0.002524
0.001157
0.004019
0.010022
0.018138
0.024554
0.027746
0.028560
0.028311
0.027834
0.024433
0.020897
0.019481
0.017694
0.013856
0.011568
0.005810
-0.000075
-0.011064
-0.016340
-0.020898
-0.024232
-0.024956
-0.028031
-0.029330
-0.030752
-0.030058
-0.028933
-0.030738
-0.032938
-0.034001
-0.028754
-0.024004
-0.016157
-0.009914
-0.001948
0.004860
0.007339
0.009199
0.007639
0.004848
0.004927
0.005833
0.005227
0.006865
0.008501
0.008639
0.008296
0.008890
0.006102
-0.000581
-0.005437
-0.008625
-0.008782
-0.009259
-0.008397
-0.008096
-0.008805
-0.008991
-0.010630
-0.014928
-0.018175
-0.019957
-0.020352
-0.019210
-0.016137
-0.010776
-0.009843
-0.014961
-0.016117
-0.015459
-0.011496
-0.006584
-0.005586
-0.007794
-0.008762
-0.008847
-0.008513
-0.009841
-0.010171
-0.007321
-0.006519
-0.003665
-0.002871
-0.004379
-0.004470
-0.004301
-0.005313
-0.002463
-0.000372
0.001674
0.010279
0.017910
0.023412
0.029536
0.035399
0.038354
0.041021
0.042162
0.042336
0.038943
0.036030
0.036143
0.038800
0.041567
0.043173
0.038548
0.034537
0.031758
0.028487
0.022977
0.017697
0.015306
0.013494
0.011391
0.009893
0.009667
0.006599
0.002140
0.000005
-0.000795
-0.002546
-0.005793
-0.009156
-0.013918
-0.017853
-0.019029
-0.020144
-0.025097
-0.030347
-0.034168
-0.039897
-0.046818
-0.051139
-0.055418
-0.060491
-0.061392
-0.058949
-0.055019
-0.048528
-0.037661
-0.024632
-0.015486
-0.012603
-0.011655
-0.011631
-0.011724
-0.014047
-0.013717
-0.014297
-0.014548
-0.016272
-0.017686
-0.019139
-0.018927
-0.015095
-0.010914
-0.004410
0.001115
0.005467
0.006894
0.010374
0.011396
0.014267
0.014731
0.016453
0.017152
0.017480
0.016312
0.016483
0.021433
0.028766
0.030045
0.030105
0.026452
0.022154
0.018612
0.012270
0.006706
0.006006
0.005848
0.006809
0.012797
0.019883
0.024562
0.024995
0.022743
0.020307
0.018985
0.019832
0.021797
0.024306
0.027903
0.029228
0.032737
0.033209
0.033513
0.033799
0.029211
0.023540
0.018482
0.012161
0.005927
0.001685
0.000112
-0.002108
-0.002993
-0.001969
-0.001617
-0.002881
-0.002296
-0.002312
-0.003709
-0.004526
-0.004375
-0.005941
-0.009709
-0.015169
-0.021339
-0.027039
-0.032465
-0.040365
-0.047347
-0.052294
-0.056884
-0.059580
-0.059593
-0.059551
-0.058150
-0.054036
-0.048880
-0.041228
-0.031730
-0.020504
-0.011220
-0.006109
-0.004043
0.003010
0.010551
0.019031
0.024068
0.028205
0.029145
0.027709
0.027078
0.026504
0.027141
0.032854
0.037556
0.038226
0.036133
0.032210
0.028233
0.026761
0.025615
0.021165
0.017622
0.014240
0.011976
0.012397
0.011885
0.012997
0.012452
0.008540
0.002846
-0.005160
-0.012604
-0.019723
-0.027081
-0.034977
-0.042749
-0.050726
-0.059350
-0.067105
-0.071768
-0.075211
-0.073917
-0.068823
-0.060119
-0.051215
-0.044395
-0.033040
-0.020322
-0.007802
0.004523
0.016124
0.029471
0.042787
0.053173
0.062365
0.070399
0.074749
0.072839
0.068919
0.067607
0.067683
0.065854
0.066091
0.064348
0.062138
0.062185
0.057963
0.052954
0.044736
0.034684
0.022306
0.010214
0.002927
-0.005855
-0.016547
-0.024382
-0.028326
-0.033175
-0.040535
-0.047657
-0.055229
-0.061455
-0.069658
-0.076631
-0.076331
-0.073012
-0.069919
-0.065327
-0.060592
-0.054748
-0.048970
-0.042669
-0.039555
-0.034621
-0.027954
-0.015256
-0.002944
0.007573
0.014887
0.021783
0.027380
0.032636
0.038889
0.045487
0.052720
0.056955
0.062451
0.066604
0.067934
0.064497
0.061548
0.060909
0.058035
0.055766
0.049903
0.040201
0.026606
0.008724
-0.010470
-0.023013
-0.029957
-0.037263
-0.037484
-0.039262
-0.041506
-0.041279
-0.041979
-0.044260
-0.044911
-0.044996
-0.044072
-0.043364
-0.040297
-0.033483
-0.026660
-0.018753
-0.009824
0.002173
0.012803
0.021433
0.028336
0.028690
0.028716
0.025513
0.021964
0.018760
0.017013
0.017203
0.015286
0.018408
0.021141
0.023035
0.020922
0.021741
0.021376
0.018440
0.020595
0.021811
0.021228
0.015916
0.011715
0.013100
0.016202
0.016907
0.012495
0.006031
-0.005327
-0.021073
-0.037114
-0.047281
-0.055172
-0.058331
-0.055435
-0.049324
-0.043576
-0.037063
-0.033202
-0.028292
-0.021260
-0.011447
-0.002349
0.006405
0.016167
0.024974
0.032968
0.042444
0.052737
0.061512
0.066918
0.072321
0.072514
0.066974
0.057503
0.046211
0.036318
0.027960
0.022107
0.018852
0.011805
0.008095
0.001406
-0.005421
-0.012303
-0.019561
-0.028063
-0.029955
-0.027527
-0.024416
-0.024166
-0.027187
-0.028736
-0.033478
-0.035327
-0.036569
-0.036547
-0.038630
-0.042890
-0.046983
-0.046840
-0.047042
-0.047972
-0.048871
-0.049781
-0.053208
-0.052433
-0.052667
-0.051769
-0.051513
-0.046524
-0.038160
-0.026037
-0.015879
-0.007021
0.000903
0.008803
0.017762
0.026655
0.037185
0.045513
0.051830
0.061979
0.069288
0.075791
0.077984
0.075952
0.073822
0.068324
0.063528
0.059446
0.055119
0.049374
0.045899
0.040220
0.034240
0.030865
0.028363
0.027438
0.024695
0.017411
0.013166
0.007363
0.001864
0.001859
0.001024
-0.004948
-0.013856
-0.023212
-0.029616
-0.034824
-0.041297
-0.051184
-0.057968
-0.065112
-0.072759
-0.080112
-0.082981
-0.084124
-0.084594
-0.077816
-0.067305
-0.057518
-0.051766
-0.044911
-0.040659
-0.035469
-0.029724
-0.022999
-0.015302
-0.004874
0.002963
0.009574
0.012100
0.015901
0.014498
0.011403
0.009351
0.007673
0.009648
0.008836
0.005289
-0.000536
-0.002373
-0.005281
-0.005879
-0.006287
-0.006471
-0.008079
-0.007417
-0.003829
0.001590
0.014645
0.026088
0.033062
0.037247
0.035759
0.028707
0.022798
0.016844
0.009855
0.003173
-0.000747
-0.000690
0.001528
0.001988
0.010102
0.021935
0.031478
0.036710
0.043516
0.046985
0.044111
0.042608
0.041257
0.043125
0.039457
0.041172
0.045599
0.048979
0.053416
0.055423
0.054041
0.053969
0.049518
0.042709
0.033641
0.025627
0.019270
0.012504
0.006916
0.003462
-0.000320
-0.003778
-0.008282
-0.010909
-0.010752
-0.009745
-0.009193
-0.006503
-0.004347
-0.003183
-0.000652
-0.001131
-0.004871
-0.008860
-0.011663
-0.015862
-0.020000
-0.027051
-0.034135
-0.037929
-0.040467
-0.039790
-0.040054
-0.040967
-0.041626
-0.038982
-0.038545
-0.039676
-0.040350
-0.040855
-0.041644
-0.041671
-0.038741
-0.035757
-0.026981
-0.016944
-0.007722
0.003402
0.011002
0.014284
0.016343
0.020496
0.023902
0.026000
0.023963
0.019539
0.019633
0.018508
0.018124
0.016445
0.014932
0.015249
0.012074
0.007286
0.002074
-0.002324
-0.007725
-0.012184
-0.015067
-0.015323
-0.013219
-0.012841
-0.010557
-0.008804
-0.008053
-0.005855
-0.005524
-0.011270
-0.017525
-0.021589
-0.024621
-0.025452
-0.022092
-0.022197
-0.021201
-0.016969
-0.014811
-0.013467
-0.009523
-0.004535
-0.002417
0.000179
-0.001142
-0.003520
-0.002483
-0.000053
0.007768
0.013791
0.022636
0.029437
0.035781
0.045293
0.054286
0.062835
0.071365
0.074460
0.076038
0.074373
0.071516
0.066460
0.062235
0.056366
0.045538
0.031330
0.016142
0.000694
-0.013354
-0.029159
-0.042570
-0.052206
-0.056445
-0.061711
-0.067794
-0.073251
-0.075834
-0.075799
-0.072142
-0.072601
-0.072958
-0.074112
-0.072128
-0.066059
-0.059538
-0.055694
-0.053078
-0.052761
-0.048682
-0.042928
-0.038392
-0.034408
-0.025468
-0.014712
-0.009326
-0.004579
0.005126
0.013303
0.021910
0.028786
0.033366
0.036184
0.038691
0.041068
0.043418
0.051718
0.057679
0.062116
0.065556
0.068694
0.072319
0.074822
0.076573
0.075860
0.070686
0.062349
0.054327
0.042691
0.033128
0.028542
0.024206
0.017185
0.010213
0.004220
-0.003934
-0.011341
-0.017162
-0.022406
-0.026260
-0.031799
-0.037610
-0.044818
-0.049837
-0.051255
-0.055607
-0.060099
-0.062505
-0.060226
-0.060099
-0.058548
-0.058803
-0.053548
-0.043410
-0.032815
-0.023995
-0.012231
-0.001103
0.008997
0.020627
0.031780
0.036549
0.037970
0.036761
0.036214
0.038984
0.044318
0.046324
0.047401
0.045517
0.045504
0.041629
0.036046
0.030511
0.023078
0.019089
0.012691
0.004749
-0.004602
-0.009587
-0.010639
-0.008629
-0.007943
-0.003449
-0.000015
-0.001007
-0.002371
-0.002475
-0.000936
0.003027
0.006587
0.013546
0.017700
0.018193
0.022130
0.024862
0.024766
0.019360
0.014251
0.013211
0.011952
0.007085
0.006658
0.006082
0.004194
0.001606
-0.000051
-0.001178
0.001144
0.007914
0.017349
0.025953
0.029420
0.024488
0.016055
0.009601
0.004353
0.001562
-0.001733
-0.007136
-0.014152
-0.019695
-0.024155
-0.029166
-0.031337
-0.035882
-0.040695
-0.046667
-0.050035
-0.047173
-0.042344
-0.038312
-0.032059
-0.026630
-0.029801
-0.034039
-0.038425
-0.040175
-0.039656
-0.041211
-0.037326
-0.033930
-0.032291
-0.034110
-0.035001
-0.033500
-0.031302
-0.027249
-0.022187
-0.019653
-0.022172
-0.023069
-0.023235
-0.018959
-0.014139
-0.005635
0.002931
0.016181
0.029602
0.041938
0.051633
0.059527
0.064826
0.068024
0.070142
0.068524
0.067079
0.064963
0.059118
0.054832
0.050234
0.047827
0.044537
0.039868
0.032418
0.025341
0.016584
0.006697
0.000410
-0.001800
-0.001472
-0.007003
-0.010787
-0.011711
-0.011886
-0.013592
-0.014563
-0.016083
-0.020276
-0.021397
-0.019525
-0.015897
-0.015458
-0.013837
-0.008446
-0.006716
-0.007513
-0.009923
-0.013629
-0.016802
-0.020454
-0.022980
-0.019491
-0.012096
-0.004441
0.005563
0.015510
0.025656
0.029598
0.032989
0.032877
0.034123
0.032747
0.029006
0.020756
0.012511
0.003434
-0.004638
-0.010264
-0.015603
-0.020442
-0.026063
-0.029049
-0.034729
-0.041302
-0.048917
-0.054201
-0.056795
-0.055278
-0.052702
-0.046112
-0.042143
-0.039303
-0.039218
-0.037535
-0.034594
-0.033213
-0.033073
-0.032241
-0.030006
-0.025569
-0.018729
-0.012975
-0.006899
-0.002883
-0.002641
-0.000890
-0.000642
-0.001954
-0.003268
-0.003154
0.000086
0.008761
0.015848
0.024630
0.032420
0.040598
0.045110
0.048330
0.048377
0.049038
0.052606
0.057240
0.055408
0.050844
0.044031
0.034093
0.026427
0.017015
0.007214
0.001124
-0.001069
-0.002421
0.000490
0.004001
0.007040
0.008964
0.012422
0.019680
0.025413
0.031806
0.033657
0.034348
0.033135
0.032346
0.030940
0.030405
0.030037
0.032356
0.031458
0.031011
0.029668
0.027155
0.020633
0.008101
-0.004257
-0.017579
-0.032506
-0.042965
-0.055108
-0.064483
-0.071313
-0.073829
-0.072339
-0.069309
-0.065148
-0.059857
-0.054207
-0.049717
-0.045574
-0.039870
-0.033692
-0.027286
-0.020472
-0.013894
-0.008216
-0.000456
0.009121
0.017390
0.023470
0.028241
0.029237
0.028741
0.027447
0.025862
0.023328
0.018113
0.010451
0.003145
-0.004098
-0.013799
-0.024991
-0.034926
-0.041003
-0.042092
-0.043600
-0.043122
-0.039277
-0.032010
-0.024486
-0.012703
0.003922
0.015471
0.025861
0.032978
0.038496
0.039709
0.040590
0.040112
0.041685
0.046211
0.050223
0.054786
0.058404
0.060458
0.059682
0.057529
0.051496
0.044934
0.041976
0.040373
0.041119
0.041131
0.034411
0.029065
0.022232
0.015549
0.012634
0.013432
0.015679
0.018842
0.021421
0.021568
0.018835
0.012408
0.006319
-0.002012
-0.010608
-0.017532
-0.024265
-0.034796
-0.047269
-0.058360
-0.065268
-0.067761
-0.068708
-0.071810
-0.074273
-0.073352
-0.073443
-0.072495
-0.068770
-0.064153
-0.057208
-0.052653
-0.050173
-0.045365
-0.040411
-0.034750
-0.025299
-0.016110
-0.007128
0.003368
0.010950
0.019343
0.027416
0.031027
0.031087
0.032377
0.033108
0.030847
0.027427
0.024367
0.024018
0.024145
0.025998
0.028284
0.031360
0.030982
0.029553
0.025970
0.026879
0.024542
0.020861
0.019953
0.018770
0.017663
0.016231
0.016984
0.014537
0.010163
0.006798
0.005158
0.004010
0.001222
-0.001898
-0.004102
-0.004220
-0.005037
-0.007611
-0.012126
-0.015966
-0.020391
-0.022997
-0.022210
-0.016889
-0.013652
-0.012470
-0.009979
-0.005370
-0.001995
0.000012
-0.000248
-0.002137
-0.002054
0.000045
0.006171
0.011402
0.013926
0.016647
0.016072
0.010516
0.007390
0.003760
0.003104
0.004135
0.008005
0.010693
0.010548
0.008705
0.003351
0.008789
0.015758
0.023426
0.029482
0.032623
0.034992
0.038005
0.041196
0.042845
0.040345
0.034904
0.029454
0.025251
0.019825
0.014795
0.008499
0.000551
-0.008623
-0.018106
-0.023498
-0.024353
-0.026751
-0.029371
-0.029189
-0.027738
-0.025392
-0.025601
-0.026843
-0.027074
-0.027052
-0.031179
-0.036729
-0.041487
-0.039372
-0.034878
-0.031828
-0.028314
-0.025748
-0.022241
-0.018174
-0.019202
-0.018298
-0.022015
-0.025680
-0.026979
-0.031601
-0.036432
-0.039785
-0.044988
-0.046490
-0.043870
-0.036306
-0.029139
-0.021142
-0.008651
0.007323
0.023405
0.033782
0.041104
0.046508
0.050193
0.049382
0.042610
0.035229
0.027646
0.017501
0.008503
0.000561
-0.006364
-0.006158
-0.005911
-0.008439
-0.010688
-0.012779
-0.016153
-0.018926
-0.021810
-0.025236
-0.030852
-0.034222
-0.036652
-0.034643
-0.029469
-0.024375
-0.016255
-0.004422
0.010028
0.020710
0.027989
0.036679
0.046028
0.056262
0.061808
0.063910
0.063586
0.064394
0.064511
0.062305
0.057594
0.052505
0.045684
0.044257
0.043720
0.040101
0.034585
0.027885
0.024549
0.020571
0.015263
0.008341
0.003790
-0.002022
-0.010709
-0.018355
-0.019884
-0.017402
-0.015307
-0.009652
-0.004610
-0.003684
-0.002391
-0.003810
-0.004410
-0.005203
-0.005121
-0.006449
-0.009382
-0.012493
-0.013058
-0.013975
-0.010443
-0.008304
-0.009030
-0.008700
-0.008432
-0.004326
0.001377
0.006259
0.008081
0.013691
0.017336
0.025457
0.028929
0.031356
0.030248
0.026632
0.025174
0.023425
0.019656
0.012316
0.003592
-0.002189
-0.005897
-0.014796
-0.024051
-0.031188
-0.037107
-0.041187
-0.044094
-0.045996
-0.047135
-0.047742
-0.049970
-0.053476
-0.054993
-0.053089
-0.050079
-0.047703
-0.049878
-0.050718
-0.048329
-0.045046
-0.042667
-0.037489
-0.035141
-0.031462
-0.027609
-0.019314
-0.013789
-0.009234
-0.000178
0.007228
0.011784
0.011928
0.013024
0.015243
0.015365
0.017544
0.017668
0.014415
0.009564
0.005430
0.000984
-0.004649
-0.012338
-0.020280
-0.033040
-0.048401
-0.068639
-0.089188
-0.110012
-0.124374
-0.138787
-0.153666
-0.164090
-0.176609
-0.186945
-0.195228
-0.199601
-0.201191
-0.203500
-0.203414
-0.202471
-0.199979
-0.192152
-0.184095
-0.174418
-0.164799
-0.154030
-0.138940
-0.120834
-0.096230
-0.069307
-0.041026
-0.009445
0.029216
0.072427
0.116989
0.162216
0.214199
0.263825
0.306967
0.350420
0.389300
0.415983
0.415518
0.394395
0.365313
0.341583
0.315810
0.298931
0.289373
0.274020
0.259534
0.245730
0.225305
0.209940
0.204325
0.183855
0.155215
0.121183
0.069870
0.008493
-0.048926
-0.099985
-0.151869
-0.197695
-0.233151
-0.259615
-0.281945
-0.296600
-0.309209
-0.315915
-0.313870
-0.307616
-0.299398
-0.291925
-0.277814
-0.253059
-0.219496
-0.176432
-0.125367
-0.073820
-0.020023
0.038835
0.107535
0.177577
0.214760
0.245933
0.279159
0.319616
0.371581
0.412670
0.435581
0.459627
0.486185
0.486114
0.474073
0.466104
0.447781
0.415775
0.355223
0.268717
0.187827
0.116696
0.049866
-0.009092
-0.064792
-0.118403
-0.165032
-0.211872
-0.255858
-0.286217
-0.313836
-0.342945
-0.363916
-0.378954
-0.385813
-0.392006
-0.396092
-0.403473
-0.406820
-0.402005
-0.393709
-0.382602
-0.367940
-0.355283
-0.342242
-0.322520
-0.290908
-0.253162
-0.212057
-0.173677
-0.131434
-0.086357
-0.039505
-0.001601
0.034138
0.068370
0.095138
0.117177
0.136412
0.151454
0.167231
0.191044
0.221383
0.252041
0.255998
0.237845
0.216410
0.198192
0.173109
0.144028
0.126854
0.122200
0.125148
0.139134
0.162292
0.174630
0.192114
0.206031
0.215296
0.206913
0.179208
0.149075
0.122145
0.096390
0.061836
0.027534
-0.009317
-0.033447
-0.048177
-0.057605
-0.060624
-0.047184
-0.028752
-0.005510
0.019135
0.051404
0.093754
0.142359
0.192452
0.229075
0.255498
0.268664
0.263933
0.242601
0.216051
0.192253
0.168431
0.148576
0.139748
0.112387
0.070373
0.030706
-0.007333
-0.052490
-0.096105
-0.133983
-0.173567
-0.215292
-0.250303
-0.279923
-0.311649
-0.340901
-0.365695
-0.392464
-0.413828
-0.431748
-0.450097
-0.463103
-0.474668
-0.482342
-0.487031
-0.485423
-0.479006
-0.465093
-0.443883
-0.419960
-0.389966
-0.353875
-0.311038
-0.270007
-0.222856
-0.171060
-0.142961
-0.137318
-0.126831
-0.114980
-0.104910
-0.101981
-0.115507
-0.132434
-0.139715
-0.146067
-0.136791
-0.109851
-0.068276
-0.033360
-0.000002
0.044965
0.101429
0.169346
0.242278
0.313804
0.388646
0.451302
0.513354
0.577069
0.641939
0.714194
0.787409
0.862554
0.911491
0.957443
0.978160
0.904974
0.821870
0.749042
0.677446
0.579488
0.482548
0.387770
0.274234
0.178185
0.089034
0.012972
-0.045325
-0.080727
-0.093472
-0.097640
-0.091357
-0.066514
-0.034294
-0.002925
0.008843
0.005064
-0.021259
-0.061242
-0.110426
-0.134261
-0.139528
-0.175287
-0.223507
-0.278204
-0.321149
-0.361544
-0.397632
-0.412781
-0.411697
-0.406015
-0.401415
-0.404427
-0.403539
-0.388210
-0.366236
-0.337240
-0.301633
-0.290933
-0.301182
-0.303444
-0.286427
-0.263992
-0.235619
-0.205690
-0.174086
-0.140408
-0.119344
-0.093131
-0.060126
-0.030354
-0.024480
-0.032789
-0.026798
-0.003395
0.017210
0.029406
0.022414
0.042192
0.068337
0.105866
0.121755
0.156915
0.198244
0.222588
0.243274
0.254244
0.266778
0.287111
0.267216
0.237040
0.213503
0.186121
0.142776
0.094531
0.061765
0.034913
0.002159
-0.005912
0.004871
0.020791
0.010131
0.006746
0.000275
0.008564
0.020741
0.035277
0.017364
-0.032943
-0.066999
-0.089039
-0.080244
-0.067475
-0.052590
-0.019098
0.010949
0.027272
0.051965
0.087632
0.137423
0.185986
0.225954
0.259274
0.276784
0.274212
0.273721
0.250879
0.220197
0.197193
0.196957
0.214138
0.243972
0.277015
0.288316
0.298375
0.313011
0.317808
0.285902
0.247131
0.225268
0.157741
0.079750
-0.016096
-0.111662
-0.207074
-0.297889
-0.385854
-0.458538
-0.513388
-0.558170
-0.594768
-0.623066
-0.644665
-0.651168
-0.651222
-0.638244
-0.606719
-0.571491
-0.538659
-0.493977
-0.445601
-0.391452
-0.332674
-0.265634
-0.196190
-0.120756
-0.036808
0.058443
0.147003
0.226206
0.293898
0.358460
0.397822
0.416769
0.415389
0.402895
0.398470
0.390269
0.376141
0.360098
0.347676
0.323190
0.283474
0.239084
0.191284
0.175472
0.146467
0.089554
0.038375
-0.014458
-0.052117
-0.100458
-0.150103
-0.190799
-0.218936
-0.247508
-0.273215
-0.290504
-0.307800
-0.309057
-0.292474
-0.301346
-0.320740
-0.309108
-0.279488
-0.240924
-0.202860
-0.159263
-0.117658
-0.087345
-0.070708
-0.040926
0.008434
0.075512
0.166425
0.266873
0.366737
0.428057
0.466237
0.491422
0.508851
0.505426
0.512144
0.481938
0.447320
0.416861
0.399288
0.391566
0.386436
0.361592
0.342739
0.332933
0.313089
0.297345
0.277725
0.263401
0.224864
0.160254
0.087746
0.031196
-0.030905
-0.110050
-0.188222
-0.260298
-0.331039
-0.407293
-0.463040
-0.511329
-0.553493
-0.589253
-0.621479
-0.644602
-0.664846
-0.668124
-0.671205
-0.670159
-0.673294
-0.666579
-0.653408
-0.624788
-0.587850
-0.536732
-0.479248
-0.412548
-0.335976
-0.254371
-0.170088
-0.090617
-0.025551
0.036331
0.092622
0.140368
0.195794
0.243173
0.290999
0.316530
0.342047
0.370738
0.379003
0.391502
0.411190
0.439751
0.476910
0.501270
0.508679
0.518137
0.501942
0.450213
0.405049
0.374669
0.349459
0.327009
0.308770
0.267247
0.239428
0.212651
0.230081
0.213757
0.189558
0.142810
0.100331
0.062562
0.007922
-0.027240
-0.066533
-0.115252
-0.179600
-0.235936
-0.280241
-0.327149
-0.370462
-0.393449
-0.406829
-0.414293
-0.424355
-0.426948
-0.419903
-0.405219
-0.386870
-0.372659
-0.351075
-0.321508
-0.283663
-0.236909
-0.189158
-0.145354
-0.109402
-0.069388
-0.027065
0.005707
0.013512
0.030082
0.061235
0.107812
0.154493
0.192644
0.225871
0.236724
0.255974
0.293327
0.329014
0.341766
0.348947
0.352928
0.368704
0.396106
0.421780
0.438634
0.445031
0.438063
0.430070
0.394519
0.324645
0.250143
0.170004
0.087620
-0.006798
-0.091009
-0.164502
-0.219414
-0.278909
-0.335279
-0.380713
-0.408571
-0.411495
-0.410195
-0.412372
-0.394225
-0.368331
-0.321486
-0.245464
-0.159226
-0.072259
0.015378
0.117095
0.202736
0.245706
0.261631
0.265320
0.267269
0.292949
0.329323
0.342552
0.334186
0.318760
0.299770
0.285058
0.282564
0.264940
0.216927
0.180626
0.151403
0.135646
0.121922
0.098875
0.086384
0.078590
0.078418
0.093222
0.100920
0.103147
0.102445
0.072740
0.043168
0.016845
-0.007050
-0.029426
-0.039060
-0.035374
-0.033654
-0.055524
-0.080573
-0.097990
-0.115099
-0.142382
-0.191231
-0.246663
-0.289316
-0.327115
-0.345342
-0.340850
-0.323513
-0.298371
-0.263244
-0.233151
-0.208851
-0.201564
-0.198153
-0.196987
-0.184142
-0.157830
-0.140580
-0.128586
-0.104408
-0.073151
-0.024992
0.022811
0.040880
0.035586
0.033198
0.049541
0.067740
0.094770
0.123399
0.146701
0.160231
0.178060
0.219628
0.252677
0.271201
0.278556
0.283332
0.274866
0.246248
0.220533
0.173539
0.122375
0.087916
0.049384
-0.013464
-0.063262
-0.100168
-0.130354
-0.160870
-0.185134
-0.200405
-0.204881
-0.203499
-0.203084
-0.207011
-0.218295
-0.242163
-0.255214
-0.260379
-0.269839
-0.276759
-0.276141
-0.264716
-0.239634
-0.206234
-0.173455
-0.139119
-0.124114
-0.144813
-0.162624
-0.155977
-0.159813
-0.164550
-0.169964
-0.166917
-0.154745
-0.135666
-0.110206
-0.093779
-0.079891
-0.056649
-0.016877
0.029993
0.070555
0.086586
0.121065
0.160511
0.190826
0.237305
0.296227
0.336172
0.344877
0.369510
0.382335
0.390433
0.407726
0.431944
0.471204
0.508298
0.526505
0.510887
0.470127
0.433975
0.406301
0.352119
0.287732
0.223905
0.172257
0.122853
0.073018
0.035061
-0.019417
-0.081401
-0.120352
-0.161510
-0.208357
-0.251661
-0.288226
-0.300706
-0.293233
-0.273036
-0.256637
-0.265036
-0.267017
-0.267007
-0.261907
-0.251465
-0.230763
-0.210749
-0.183645
-0.175112
-0.161799
-0.144191
-0.128179
-0.103797
-0.083604
-0.078735
-0.065469
-0.049381
-0.043993
-0.038634
-0.017063
0.013868
0.052796
0.099735
0.133042
0.149405
0.140063
0.122610
0.087845
0.047002
0.002130
-0.049078
-0.089325
-0.120901
-0.141008
-0.150556
-0.156108
-0.152909
-0.134741
-0.109169
-0.085119
-0.068467
-0.058034
-0.043116
-0.039020
-0.059432
-0.091523
-0.113334
-0.114939
-0.100305
-0.077438
-0.043542
-0.008208
0.015190
0.033637
0.024687
0.012617
0.020830
0.025785
0.026806
0.004969
-0.012970
-0.017817
-0.022097
-0.017341
-0.004359
0.014537
0.040872
0.078898
0.128368
0.193025
0.267929
0.333445
0.362087
0.392288
0.425891
0.461200
0.492932
0.523300
0.539009
0.486912
0.422444
0.360523
0.295731
0.232423
0.173632
0.119238
0.070495
0.023421
-0.019982
-0.052751
-0.076406
-0.091362
-0.103486
-0.123382
-0.147865
-0.169651
-0.185801
-0.199914
-0.215775
-0.222247
-0.223167
-0.234181
-0.242894
-0.248706
-0.249933
-0.248010
-0.245155
-0.233896
-0.222333
-0.219184
-0.219679
-0.219414
-0.218590
-0.221389
-0.233712
-0.247243
-0.251676
-0.245367
-0.226760
-0.194067
-0.161024
-0.131353
-0.121598
-0.114379
-0.104303
-0.092899
-0.078024
-0.065681
-0.058374
-0.047923
-0.031006
-0.018847
-0.013465
-0.004502
0.007516
0.023921
0.048981
0.082136
0.120739
0.149621
0.172789
0.194411
0.219765
0.237654
0.230811
0.205476
0.182113
0.162335
0.149597
0.144709
0.151059
0.162055
0.180275
0.207108
0.228781
0.227753
0.200157
0.169765
0.139238
0.109398
0.079462
0.054797
0.038998
0.033688
0.033537
0.039891
0.051226
0.071825
0.102254
0.137742
0.173971
0.204332
0.217225
0.206892
0.176985
0.139232
0.103581
0.071557
0.041684
0.011311
-0.013995
-0.038035
-0.054106
-0.069514
-0.085910
-0.096373
-0.104716
-0.109391
-0.111515
-0.120409
-0.138210
-0.157620
-0.180292
-0.197482
-0.211249
-0.221779
-0.230481
-0.242893
-0.259805
-0.275565
-0.293659
-0.307825
-0.318873
-0.327594
-0.338316
-0.346769
-0.353961
-0.362905
-0.363388
-0.357661
-0.344539
-0.329733
-0.318413
-0.303601
-0.289244
-0.278328
-0.271518
-0.263185
-0.249659
-0.235176
-0.223029
-0.212235
-0.199283
-0.192921
-0.185106
-0.176419
-0.162765
-0.143357
-0.125336
-0.105328
-0.082724
-0.055327
-0.029222
0.003025
0.036996
0.071838
0.109320
0.154626
0.197160
0.216700
0.230036
0.238170
0.225313
0.234503
0.260908
0.291107
0.320886
0.325764
0.322451
0.310419
0.299774
0.310576
0.337253
0.393926
0.462376
0.567590
0.685941
0.774402
0.815027
0.840404
0.836896
0.816809
0.787401
0.752187
0.715454
0.649103
0.563738
0.472521
0.389033
0.314197
0.242929
0.180014
0.119865
0.062557
0.007198
-0.044709
-0.094190
-0.139297
-0.183133
-0.224442
-0.256761
-0.287341
-0.316020
-0.337713
-0.358991
-0.376614
-0.391510
-0.400571
-0.402652
-0.400579
-0.394294
-0.382918
-0.369496
-0.355465
-0.342956
-0.325441
-0.305499
-0.284329
-0.262438
-0.239474
-0.214651
-0.193615
-0.171244
-0.147545
-0.115494
-0.084286
-0.053395
-0.032958
-0.016924
-0.004973
0.006923
0.016072
0.015258
0.012828
0.013489
0.013411
0.010715
0.004885
0.000283
-0.004229
-0.010790
-0.017688
-0.026373
-0.033900
-0.038939
-0.044689
-0.050985
-0.055158
-0.059388
-0.071522
-0.082918
-0.095953
-0.110422
-0.126503
-0.142682
-0.157967
-0.171885
-0.185670
-0.201446
-0.219991
-0.242483
-0.261639
-0.285515
-0.306064
-0.317632
-0.319544
-0.316025
-0.312243
-0.300297
-0.275309
-0.246256
-0.219820
-0.190694
-0.162294
-0.130293
-0.094457
-0.055163
-0.012499
0.038503
0.093178
0.148083
0.206767
0.264985
0.328520
0.393944
0.442698
0.472328
0.505645
0.542486
0.572495
0.580593
0.566595
0.534244
0.501307
0.467778
0.436531
0.405751
0.373093
0.332576
0.277576
0.224771
0.185329
0.154606
0.128512
0.104959
0.087627
0.080546
0.077929
0.077408
0.067496
0.039970
0.014206
-0.005550
-0.012139
-0.007948
0.008903
0.032166
0.044178
0.046870
0.048920
0.045866
0.025007
-0.009772
-0.053161
-0.099335
-0.137279
-0.170570
-0.195827
-0.213634
-0.237523
-0.266874
-0.297069
-0.322020
-0.340664
-0.360924
-0.378302
-0.392721
-0.400226
-0.402865
-0.402821
-0.394499
-0.379759
-0.358170
-0.342220
-0.325067
-0.304335
-0.278195
-0.242085
-0.199121
-0.147964
-0.085733
-0.021292
0.047209
0.120381
0.203953
0.281125
0.338274
0.390227
0.435269
0.456426
0.455073
0.441905
0.382839
0.313621
0.244118
0.179046
0.116579
0.063596
0.020170
-0.009988
-0.033331
-0.054317
-0.076533
-0.102749
-0.153132
-0.205578
-0.244577
-0.269359
-0.291039
-0.322509
-0.339826
-0.343724
-0.331844
-0.306373
-0.277585
-0.240394
-0.192368
-0.138380
-0.075146
0.006014
0.104250
0.209133
0.290729
0.349333
0.429699
0.452477
0.441724
0.438664
0.387094
0.325070
0.264144
0.205910
0.166445
0.134841
0.109407
0.079474
0.020469
-0.035368
-0.089106
-0.139713
-0.182810
-0.221002
-0.238524
-0.244062
-0.243532
-0.231168
-0.207372
-0.168357
-0.122516
-0.059806
0.009398
0.055246
0.089792
0.115597
0.145500
0.148091
0.127402
0.110363
0.085131
0.062101
0.051768
0.046198
0.047850
0.051239
0.033412
0.009487
-0.002696
0.001239
0.002887
0.000775
-0.010269
-0.009467
-0.007353
-0.002044
0.008591
-0.009051
-0.037479
-0.050675
-0.048091
-0.052769
-0.059263
-0.055166
-0.049944
-0.038546
-0.020485
0.004375
0.040734
0.076268
0.087109
0.091349
0.087317
0.086522
0.085842
0.081504
0.072972
0.068850
0.043971
0.022328
0.018354
0.020601
0.036190
0.070899
0.104271
0.131382
0.135542
0.124314
0.071900
0.017473
-0.044850
-0.106573
-0.160536
-0.203653
-0.227617
-0.235118
-0.232435
-0.214989
-0.185155
-0.142423
-0.088074
-0.038716
0.021892
0.077736
0.133282
0.206971
0.287245
0.356947
0.393545
0.435229
0.468065
0.490273
0.485194
0.467671
0.424458
0.380007
0.335804
0.282005
0.217491
0.149432
0.087571
0.017516
-0.052106
-0.107491
-0.157874
-0.223431
-0.288972
-0.344120
-0.398362
-0.445777
-0.496129
-0.532608
-0.553931
-0.571601
-0.581024
-0.596474
-0.603475
-0.606208
-0.600988
-0.596058
-0.576701
-0.542354
-0.497695
-0.440882
-0.381975
-0.323552
-0.256524
-0.182285
-0.101845
-0.016166
0.047982
0.089615
0.120702
0.154084
0.193361
0.228803
0.252489
0.281726
0.322955
0.327817
0.326923
0.350664
0.397062
0.424766
0.422107
0.422130
0.377368
0.332781
0.292235
0.245386
0.200501
0.158959
0.109480
0.068655
0.047435
0.037687
0.042486
0.068929
0.104618
0.141321
0.173444
0.200522
0.222988
0.256629
0.273732
0.273818
0.270748
0.281586
0.301775
0.298743
0.304217
0.305743
0.310390
0.314718
0.282148
0.226012
0.179078
0.114700
0.026152
-0.054573
-0.133043
-0.204161
-0.262510
-0.314884
-0.358188
-0.391464
-0.411706
-0.418733
-0.417998
-0.415131
-0.421997
-0.424523
-0.418499
-0.405147
-0.390221
-0.370926
-0.344561
-0.313310
-0.314541
-0.331130
-0.339197
-0.333346
-0.322312
-0.302191
-0.265083
-0.207818
-0.138710
-0.078949
-0.043122
-0.002095
0.037094
0.082257
0.133854
0.188660
0.245236
0.304763
0.360601
0.385203
0.394995
0.391351
0.393841
0.400350
0.387612
0.364009
0.335519
0.307780
0.250424
0.180780
0.115275
0.064984
0.031400
0.004935
-0.030033
-0.057435
-0.072349
-0.083525
-0.089515
-0.076844
-0.064939
-0.057728
-0.068547
-0.071998
-0.061706
-0.049903
-0.036536
-0.043043
-0.055723
-0.057132
-0.058981
-0.051061
-0.048797
-0.049025
-0.053098
-0.041796
-0.017299
0.016531
0.058245
0.119632
0.180341
0.225138
0.217889
0.178124
0.143106
0.117736
0.095810
0.076735
0.049858
0.023580
0.010056
-0.007009
-0.018147
-0.025516
-0.023056
-0.037478
-0.083421
-0.126836
-0.189769
-0.260932
-0.327224
-0.377309
-0.414655
-0.441155
-0.461973
-0.469627
-0.465138
-0.472345
-0.495162
-0.513420
-0.514981
-0.510448
-0.489360
-0.460651
-0.415285
-0.347452
-0.266334
-0.173315
-0.070437
0.042523
0.163493
0.292882
0.416015
0.513149
0.619038
0.727965
0.835205
0.910931
0.971358
1.021852
1.028242
0.996186
0.942084
0.864371
0.783261
0.706512
0.627559
0.528536
0.429452
0.334016
0.238385
0.147600
0.058709
-0.021578
-0.091982
-0.159566
-0.225370
-0.283907
-0.336860
-0.387352
-0.433112
-0.469027
-0.496184
-0.524332
-0.547049
-0.559903
-0.565151
-0.565380
-0.561667
-0.542689
-0.521814
-0.495090
-0.461638
-0.422207
-0.378744
-0.328615
-0.270677
-0.202157
-0.133643
-0.065287
-0.006569
0.047010
0.104786
0.155638
0.190542
0.229277
0.267640
0.307556
0.348749
0.374217
0.354811
0.323119
0.295133
0.276766
0.267679
0.254143
0.217806
0.178214
0.142661
0.101633
0.058830
0.018013
-0.016446
-0.042521
-0.065099
-0.082068
-0.091206
-0.098259
-0.106758
-0.114244
-0.119733
-0.123554
-0.119105
-0.111763
-0.106136
-0.101031
-0.096329
-0.089050
-0.078985
-0.070093
-0.054187
-0.032824
-0.009011
0.016944
0.047642
0.081542
0.115029
0.143856
0.174532
0.190611
0.178218
0.148300
0.119089
0.096764
0.079520
0.067146
0.055256
0.047066
0.043498
0.036312
0.027189
0.010118
-0.009606
-0.024059
-0.039429
-0.052017
-0.062437
-0.068344
-0.073680
-0.083405
-0.093538
-0.101718
-0.109894
-0.114972
-0.120146
-0.121159
-0.117418
-0.108021
-0.097582
-0.084324
-0.070476
-0.056473
-0.046721
-0.038879
-0.032362
-0.025634
-0.020539
-0.018417
-0.014243
-0.010976
-0.009132
-0.008936
-0.005855
-0.006530
-0.005142
-0.000997
0.003280
0.012924
0.024900
0.033363
0.037171
0.038286
0.037429
0.034893
0.032449
0.029284
0.026869
0.028393
0.032974
0.033182
0.027934
0.015110
0.005503
-0.002020
-0.009736
-0.018371
-0.028382
-0.041292
-0.053153
-0.066488
-0.075746
-0.086436
-0.095551
-0.102613
-0.109391
-0.113158
-0.115194
-0.117852
-0.119193
-0.116075
-0.114806
-0.111647
-0.106657
-0.096904
-0.088265
-0.076012
-0.064356
-0.049383
-0.037593
-0.024832
-0.009427
0.007944
0.024133
0.040272
0.059040
0.081500
0.101496
0.123628
0.146658
0.176028
0.203848
0.226804
0.249033
0.261997
0.244716
0.216544
0.191812
0.170405
0.152082
0.136745
0.120287
0.104362
0.091436
0.078214
0.064973
0.055282
0.041765
0.024732
0.003215
-0.015261
-0.031207
-0.048567
-0.065533
-0.077022
-0.085137
-0.093366
-0.099959
-0.101128
-0.097481
-0.091415
-0.086401
-0.084209
-0.078793
-0.072588
-0.067900
-0.063708
-0.057423
-0.050104
-0.046912
-0.043462
-0.039852
-0.036321
-0.034095
-0.032812
-0.033122
-0.036772
-0.036048
-0.034873
-0.029812
-0.025804
-0.021188
-0.017006
-0.014535
-0.016566
-0.021086
-0.022476
-0.022223
-0.019649
-0.014013
-0.010498
-0.007837
-0.003486
0.001567
0.006498
0.014009
0.019825
0.022831
0.025431
0.030401
0.036314
0.037906
0.036625
0.032519
0.028704
0.025137
0.019751
0.008136
0.003636
0.004496
0.004067
0.001672
0.001963
0.002906
0.002961
-0.003262
-0.010139
-0.015584
-0.019471
-0.026616
-0.034522
-0.041242
-0.046528
-0.054290
-0.067664
-0.079132
-0.087470
-0.095933
-0.101076
-0.104107
-0.108120
-0.111424
-0.116555
-0.128883
-0.147481
-0.169143
-0.194215
-0.217848
-0.238107
-0.255134
-0.268554
-0.280641
-0.286448
-0.289033
-0.293429
-0.296202
-0.301328
-0.302881
-0.302415
-0.297936
-0.293629
-0.291716
-0.281364
-0.264992
-0.245442
-0.219613
-0.201998
-0.189996
-0.175736
-0.163815
-0.146431
-0.123034
-0.089359
-0.046451
0.000549
0.051163
0.095090
0.135479
0.187083
0.238101
0.278871
0.335128
0.394733
0.440223
0.476022
0.527956
0.588975
0.661055
0.740674
0.816553
0.890695
0.960375
1.021998
1.031000
0.944617
0.853243
0.756531
0.655599
0.559459
0.471246
0.393791
0.326183
0.271563
0.232147
0.198697
0.168426
0.141088
0.107433
0.057777
0.004383
-0.045483
-0.111623
-0.172590
-0.219225
-0.255798
-0.284753
-0.302689
-0.308917
-0.327033
-0.348152
-0.361396
-0.365705
-0.363783
-0.354884
-0.338156
-0.316558
-0.302870
-0.318140
-0.338456
-0.350003
-0.357356
-0.366478
-0.372667
-0.380535
-0.386127
-0.383014
-0.381580
-0.392447
-0.398379
-0.395581
-0.375184
-0.345496
-0.313858
-0.289723
-0.260888
-0.229124
-0.204516
-0.163866
-0.116332
-0.070096
-0.018543
0.040240
0.107827
0.167191
0.224623
0.280566
0.319422
0.317819
0.286137
0.257120
0.203946
0.144423
0.097349
0.064855
0.044756
0.036236
0.023517
0.015158
0.012911
0.015197
0.026788
0.035170
0.046365
0.064180
0.063926
0.065060
0.066334
0.048788
0.029538
0.029327
0.037119
0.039007
0.029452
0.023250
0.021268
0.036516
0.057953
0.072887
0.086137
0.115399
0.129491
0.134769
0.123085
0.110156
0.115164
0.123558
0.138200
0.158043
0.186769
0.215999
0.234035
0.253699
0.267158
0.295577
0.308200
0.310004
0.291024
0.255830
0.197399
0.134741
0.074057
0.021882
-0.029107
-0.078974
-0.130344
-0.180872
-0.226322
-0.264753
-0.292637
-0.330755
-0.367402
-0.389928
-0.403399
-0.420660
-0.426614
-0.410347
-0.381515
-0.336011
-0.278061
-0.210855
-0.141570
-0.098056
-0.072537
-0.050358
-0.033237
-0.022835
-0.012389
-0.003721
0.005769
0.003964
0.010444
0.026376
0.049197
0.070826
0.089198
0.109465
0.125913
0.142404
0.168398
0.197125
0.225262
0.232618
0.230468
0.232888
0.244052
0.221039
0.182061
0.142072
0.088642
0.043429
0.010015
-0.018302
-0.045161
-0.065936
-0.078033
-0.075815
-0.061148
-0.041823
-0.019696
0.003488
0.030167
0.038691
0.045892
0.037591
0.039809
0.063833
0.081162
0.072472
0.069558
0.060373
0.022533
-0.029038
-0.083151
-0.136910
-0.193396
-0.242853
-0.297644
-0.336390
-0.363293
-0.385588
-0.405989
-0.419866
-0.425595
-0.415101
-0.390047
-0.347213
-0.303471
-0.261252
-0.206979
-0.155024
-0.101472
-0.037434
0.029624
0.079767
0.118995
0.145238
0.173458
0.204252
0.230456
0.264064
0.296838
0.331443
0.363298
0.377002
0.393102
0.393054
0.392618
0.360780
0.325707
0.291650
0.252425
0.221968
0.195066
0.159369
0.131434
0.119029
0.116815
0.106252
0.080688
0.033717
-0.009158
-0.038597
-0.044592
-0.034155
-0.018570
-0.009208
-0.020953
-0.030796
-0.028572
-0.045384
-0.061993
-0.064520
-0.050447
-0.023281
-0.003390
-0.013017
-0.004608
-0.003502
-0.016790
-0.041337
-0.064915
-0.078158
-0.087726
-0.092019
-0.086392
-0.062714
-0.038095
-0.015945
0.007238
0.013305
0.009392
0.004479
0.005638
0.006031
0.017390
0.030325
0.041166
0.032643
0.029782
0.033194
0.044006
0.045051
0.042529
0.040906
0.044470
0.028916
0.013055
0.005491
0.009018
0.029215
0.024322
0.010004
-0.000594
0.002404
-0.008749
-0.051811
-0.099979
-0.137821
-0.174466
-0.203023
-0.217149
-0.218448
-0.211701
-0.207469
-0.206750
-0.196535
-0.177840
-0.154243
-0.126011
-0.105576
-0.095239
-0.068812
-0.034502
0.008746
0.020477
-0.012086
-0.044193
-0.059209
-0.059537
-0.039148
-0.030853
-0.051320
-0.060487
-0.054812
-0.044016
-0.012890
0.030814
0.072294
0.116958
0.143684
0.169805
0.190203
0.202845
0.216991
0.209506
0.191774
0.174938
0.175439
0.181192
0.176117
0.158808
0.148255
0.128300
0.098707
0.076625
0.061728
0.031392
-0.018764
-0.055286
-0.088972
-0.126851
-0.171327
-0.194340
-0.201806
-0.191483
-0.171856
-0.155242
-0.135800
-0.096422
-0.053995
-0.007258
0.011357
0.033075
0.044962
0.048896
0.053057
0.051321
0.033018
0.011542
-0.004634
-0.011324
-0.031512
-0.047480
-0.060833
-0.063249
-0.051227
-0.018945
0.027144
0.030135
-0.002960
-0.043305
-0.087090
-0.121036
-0.138567
-0.144970
-0.140192
-0.111222
-0.073134
-0.042219
-0.014012
0.030276
0.070128
0.087258
0.114649
0.134967
0.137555
0.135021
0.137415
0.148256
0.123381
0.096449
0.095925
0.103615
0.111335
0.119013
0.122190
0.129994
0.156525
0.191424
0.235914
0.259234
0.260706
0.252066
0.223775
0.200936
0.183735
0.153287
0.137142
0.129020
0.117762
0.090808
0.041739
-0.004564
-0.044637
-0.057994
-0.049990
-0.046071
-0.064855
-0.080073
-0.094913
-0.113184
-0.130951
-0.137034
-0.140836
-0.135902
-0.135512
-0.154568
-0.186020
-0.208981
-0.210527
-0.204226
-0.203142
-0.199152
-0.185641
-0.162768
-0.130229
-0.113669
-0.101607
-0.092026
-0.075950
-0.057864
-0.035812
0.000003
0.040344
0.067651
0.053799
0.063764
0.085544
0.124986
0.133772
0.126020
0.125539
0.121545
0.113388
0.112679
0.119984
0.144314
0.166451
0.158147
0.130685
0.094568
0.052829
0.005050
-0.037283
-0.074977
-0.100591
-0.119046
-0.127103
-0.110773
-0.093677
-0.080069
-0.078703
-0.092481
-0.121696
-0.145135
-0.160531
-0.171032
-0.180900
-0.184001
-0.173944
-0.157493
-0.128951
-0.090889
-0.036520
0.038014
0.110432
0.174696
0.237339
0.261256
0.268837
0.250949
0.220596
0.193517
0.165926
0.131467
0.111123
0.091681
0.057290
0.035409
-0.011744
-0.056753
-0.101321
-0.127224
-0.151237
-0.170796
-0.183116
-0.190768
-0.193523
-0.206799
-0.208838
-0.197060
-0.184580
-0.160390
-0.125426
-0.080341
-0.038774
-0.006402
0.010691
0.004526
-0.037810
-0.076111
-0.113029
-0.143871
-0.168537
-0.191931
-0.214806
-0.230529
-0.230561
-0.216005
-0.187645
-0.140387
-0.075106
-0.007411
0.065575
0.131501
0.182124
0.220558
0.271113
0.323131
0.320636
0.289850
0.266427
0.248495
0.240638
0.238877
0.242470
0.247615
0.261521
0.236122
0.183183
0.137699
0.111399
0.095443
0.090396
0.087018
0.054326
-0.000219
-0.034654
-0.065212
-0.090142
-0.103498
-0.103876
-0.111818
-0.146142
-0.185648
-0.215759
-0.242894
-0.260222
-0.264156
-0.269873
-0.267290
-0.254081
-0.240536
-0.239597
-0.278091
-0.301234
-0.315869
-0.311428
-0.281221
-0.239830
-0.182617
-0.115404
-0.061215
-0.045035
-0.055961
-0.059780
-0.038799
-0.010938
0.026499
0.075817
0.122128
0.162329
0.216875
0.270164
0.315500
0.323249
0.316179
0.316990
0.303016
0.280902
0.255391
0.235552
0.235015
0.235611
0.212594
0.202770
0.195642
0.185273
0.194497
0.197779
0.201801
0.198879
0.202657
0.195761
0.187296
0.142209
0.102048
0.073616
0.050822
0.029208
0.003557
-0.034309
-0.061849
-0.116763
-0.180285
-0.226860
-0.256172
-0.277513
-0.285292
-0.287581
-0.279689
-0.257994
-0.237289
-0.236134
-0.231716
-0.210722
-0.192998
-0.170480
-0.144545
-0.121014
-0.078130
-0.021634
0.050048
0.132338
0.208673
0.262784
0.294296
0.325924
0.343261
0.321790
0.291185
0.269697
0.253798
0.232181
0.220673
0.215357
0.221379
0.229892
0.241114
0.258109
0.265748
0.240319
0.183812
0.131894
0.085712
0.025172
-0.038977
-0.105995
-0.166693
-0.221633
-0.268526
-0.310754
-0.348211
-0.384087
-0.403419
-0.408257
-0.400688
-0.374843
-0.342509
-0.303625
-0.284874
-0.304450
-0.318227
-0.329444
-0.333232
-0.338663
-0.326024
-0.302108
-0.263572
-0.208094
-0.150021
-0.101286
-0.045478
0.011462
0.059010
0.108902
0.167221
0.223931
0.261576
0.277250
0.299822
0.330031
0.378187
0.420660
0.468198
0.481392
0.467807
0.442232
0.418100
0.406718
0.402304
0.363448
0.327654
0.303709
0.287972
0.251871
0.216043
0.190917
0.153291
0.095468
0.025494
-0.038882
-0.106218
-0.176448
-0.248196
-0.319580
-0.385617
-0.448345
-0.498418
-0.537989
-0.573786
-0.599032
-0.608985
-0.614349
-0.607881
-0.587471
-0.551857
-0.506596
-0.450295
-0.416821
-0.424650
-0.432800
-0.439540
-0.435624
-0.417357
-0.388998
-0.346328
-0.310020
-0.273532
-0.250584
-0.227520
-0.189270
-0.137835
-0.070374
-0.006117
0.027149
0.050718
0.093459
0.150321
0.222732
0.297449
0.388895
0.482868
0.564720
0.652792
0.726389
0.812270
0.901250
0.972493
1.026684
1.081428
1.123178
1.144730
1.111840
1.017751
0.914936
0.811119
0.712722
0.623349
0.546718
0.474046
0.401931
0.318755
0.238322
0.161708
0.093072
0.036902
-0.018787
-0.068786
-0.115471
-0.153066
-0.181785
-0.217344
-0.259585
-0.298539
-0.332430
-0.361209
-0.385716
-0.407211
-0.427612
-0.444414
-0.462076
-0.477477
-0.493236
-0.511122
-0.530844
-0.546930
-0.562295
-0.574692
-0.586464
-0.586158
-0.581303
-0.573392
-0.559272
-0.546696
-0.535268
-0.525577
-0.518110
-0.510981
-0.504538
-0.493110
-0.479205
-0.465686
-0.451909
-0.436608
-0.417376
-0.394440
-0.366756
-0.329701
-0.286918
-0.239798
-0.191004
-0.135683
-0.075096
-0.015324
0.049081
0.117206
0.189081
0.269109
0.353165
0.435864
0.507732
0.573256
0.643509
0.715186
0.779779
0.837383
0.903290
0.958534
0.991249
0.995693
0.979797
0.937992
0.858839
0.757336
0.660786
0.564969
0.476873
0.379957
0.275726
0.183194
0.100179
0.029828
-0.027310
-0.074079
-0.113526
-0.137307
-0.147235
-0.145794
-0.136864
-0.118485
-0.090686
-0.077792
-0.099585
-0.133010
-0.173034
-0.210080
-0.243557
-0.272767
-0.298854
-0.322980
-0.340860
-0.356085
-0.364591
-0.371635
-0.373470
-0.372433
-0.365694
-0.354247
-0.338973
-0.324563
-0.308868
-0.292132
-0.273418
-0.249386
-0.225362
-0.195568
-0.168711
-0.151091
-0.131991
-0.115085
-0.099490
-0.081986
-0.088674
-0.104509
-0.104655
-0.095488
-0.072599
-0.046109
-0.018532
0.010816
0.050834
0.097126
0.147504
0.205277
0.259773
0.318382
0.384431
0.453137
0.518755
0.579692
0.607202
0.601749
0.557860
0.484043
0.405609
0.332673
0.250428
0.170259
0.085527
0.006213
-0.066689
-0.135473
-0.200853
-0.258165
-0.312583
-0.364017
-0.408772
-0.445916
-0.471777
-0.493173
-0.508899
-0.517438
-0.513989
-0.503801
-0.487538
-0.468766
-0.448163
-0.428959
-0.408596
-0.383818
-0.359087
-0.335471
-0.309596
-0.281004
-0.247693
-0.209340
-0.166970
-0.126038
-0.083318
-0.035564
0.015487
0.073305
0.137191
0.202812
0.270709
0.343996
0.418376
0.492205
0.558359
0.614159
0.660450
0.681315
0.663719
0.626098
0.577409
0.544574
0.485492
0.438301
0.396724
0.332186
0.265431
0.208928
0.150659
0.100707
0.044825
0.003786
-0.035411
-0.062464
-0.081326
-0.088883
-0.087883
-0.082138
-0.073437
-0.067868
-0.061483
-0.054679
-0.054866
-0.050745
-0.042150
-0.030258
-0.016755
0.001782
0.020119
0.030096
0.039430
0.045247
0.051296
0.046981
0.030868
0.013510
-0.003324
-0.015764
-0.042226
-0.072499
-0.098162
-0.121840
-0.141490
-0.180418
-0.225507
-0.288319
-0.360724
-0.425652
-0.481583
-0.523089
-0.558879
-0.577734
-0.594925
-0.609906
-0.616087
-0.625010
-0.624328
-0.609615
-0.583077
-0.546692
-0.506303
-0.454558
-0.409334
-0.356546
-0.301964
-0.240982
-0.173638
-0.100115
-0.019241
0.068429
0.163839
0.264465
0.370450
0.484411
0.607272
0.738957
0.860534
0.969149
1.060361
1.051239
1.001587
0.923016
0.813595
0.718236
0.632615
0.556572
0.491663
0.437261
0.381751
0.333413
0.273944
0.213780
0.158998
0.091957
0.024737
-0.028510
-0.071460
-0.093175
-0.104907
-0.106866
-0.092704
-0.066831
-0.041841
-0.029625
0.002271
0.020644
0.012392
0.008889
-0.013892
-0.045801
-0.068316
-0.084791
-0.158011
-0.229861
-0.298292
-0.370234
-0.434748
-0.498526
-0.555178
-0.600247
-0.631934
-0.658286
-0.678787
-0.683631
-0.675979
-0.655101
-0.632401
-0.596286
-0.568180
-0.530958
-0.482161
-0.430222
-0.373463
-0.312057
-0.263745
-0.218841
-0.164448
-0.120919
-0.077056
-0.043971
-0.028548
-0.007841
0.016969
0.041500
0.077629
0.125568
0.193478
0.283101
0.382689
0.490167
0.612646
0.743235
0.862569
0.956262
1.034174
1.089585
1.129396
1.170926
1.172599
1.072221
0.948452
0.829052
0.722733
0.625250
0.528747
0.436578
0.357730
0.282857
0.211890
0.151733
0.099899
0.051460
-0.020544
-0.097095
-0.164230
-0.224755
-0.276739
-0.316025
-0.347685
-0.365930
-0.371717
-0.371757
-0.358131
-0.336580
-0.310143
-0.279008
-0.245325
-0.223763
-0.212248
-0.199819
-0.185151
-0.188649
-0.199053
-0.211996
-0.226664
-0.237669
-0.243036
-0.245538
-0.243393
-0.242490
-0.242017
-0.240736
-0.242232
-0.241343
-0.235479
-0.225397
-0.213106
-0.203255
-0.202643
-0.201586
-0.199738
-0.199776
-0.200588
-0.198993
-0.197883
-0.197361
-0.196286
-0.195631
-0.193265
-0.187452
-0.179971
-0.177174
-0.174947
-0.173602
-0.168220
-0.156775
-0.143730
-0.127831
-0.107060
-0.080148
-0.048295
-0.009808
0.037330
0.086345
0.136373
0.192128
0.247460
0.305967
0.364381
0.425385
0.482227
0.486595
0.472647
0.454606
0.436261
0.412403
0.382330
0.347035
0.312860
0.270560
0.228082
0.185141
0.146596
0.112377
0.086282
0.067538
0.037515
0.002338
-0.028683
-0.056210
-0.084350
-0.109367
-0.130336
-0.147907
-0.161587
-0.170933
-0.173884
-0.173408
-0.171381
-0.167198
-0.163930
-0.158582
-0.152408
-0.143898
-0.138362
-0.134126
-0.132340
-0.130431
-0.128158
-0.121306
-0.110392
-0.097944
-0.080728
-0.065005
-0.051116
-0.034411
-0.019128
-0.004587
0.015489
0.035966
0.048913
0.061554
0.070069
0.079475
0.087348
0.088952
0.088803
0.085140
0.078346
0.075227
0.073207
0.068431
0.059119
0.049705
0.041277
0.031897
0.020606
0.006929
-0.006437
-0.020599
-0.035874
-0.052747
-0.065492
-0.074569
-0.082552
-0.086586
-0.087286
-0.083853
-0.076170
-0.067610
-0.062657
-0.057303
-0.051785
-0.044509
-0.038271
-0.034357
-0.032781
-0.032509
-0.027411
-0.021456
-0.016600
-0.013047
-0.009046
-0.005114
0.002224
0.007393
0.015146
0.023728
0.027119
0.030249
0.036367
0.044528
0.047750
0.053930
0.060261
0.065477
0.073906
0.080712
0.082887
0.080764
0.078582
0.071344
0.060980
0.049161
0.034837
0.021459
0.010258
0.001408
-0.005790
-0.012154
-0.025169
-0.034595
-0.044693
-0.052753
-0.059167
-0.065066
-0.068264
-0.070268
-0.074402
-0.074702
-0.072375
-0.070211
-0.065693
-0.057861
-0.047789
-0.039611
-0.035989
-0.035257
-0.033384
-0.026892
-0.020471
-0.010267
0.000594
0.003858
0.001784
-0.002826
-0.007770
-0.014844
-0.020857
-0.028331
-0.032455
-0.039046
-0.044871
-0.046984
-0.049592
-0.053634
-0.053572
-0.049568
-0.044894
-0.035572
-0.024075
-0.009237
0.007696
0.026996
0.043193
0.061557
0.080916
0.101537
0.125099
0.121938
0.098981
0.074722
0.052098
0.026715
0.002466
-0.033063
-0.075748
-0.120659
-0.164346
-0.206435
-0.243284
-0.273626
-0.302561
-0.328668
-0.356200
-0.381563
-0.408166
-0.434769
-0.453828
-0.464788
-0.467007
-0.461089
-0.447789
-0.423743
-0.397388
-0.369321
-0.334113
-0.287817
-0.236969
-0.178781
-0.111547
-0.036390
0.043402
0.127246
0.180901
0.202019
0.234690
0.281885
0.337414
0.382059
0.427148
0.469443
0.519124
0.585402
0.650667
0.722286
0.796980
0.868754
0.926222
0.915986
0.878931
0.825054
0.767433
0.682372
0.590897
0.514811
0.447760
0.371490
0.302890
0.250329
0.197625
0.126140
0.062271
0.000117
-0.074294
-0.139990
-0.197161
-0.251526
-0.300606
-0.333952
-0.353192
-0.360310
-0.376789
-0.376107
-0.372879
-0.379195
-0.399381
-0.407154
-0.405835
-0.395650
-0.380209
-0.361486
-0.332035
-0.286648
-0.261731
-0.241905
-0.204033
-0.157365
-0.102086
-0.052433
-0.013556
0.007864
0.014458
0.025083
0.022315
0.040155
0.071102
0.098278
0.077511
0.059044
0.034768
0.023305
0.017203
0.015128
-0.009194
-0.024676
-0.036869
-0.061605
-0.085665
-0.123658
-0.156370
-0.174499
-0.191745
-0.202021
-0.193272
-0.169598
-0.116320
-0.050547
0.052811
0.173940
0.297102
0.380913
0.473790
0.556775
0.587435
0.628974
0.581889
0.565084
0.576662
0.530697
0.453195
0.369169
0.291886
0.223554
0.135589
0.000836
-0.137773
-0.263638
-0.345205
-0.368098
-0.386096
-0.396161
-0.353562
-0.235768
-0.077543
0.112612
0.173855
0.066171
0.041885
0.142264
0.379408
0.317605
-0.053920
-0.083002
0.011219
-1.000000
-1.000000
-1.000000
-1.000000
