-1.000000
-1.000000
-1.000000
-1.000000
-0.164148
-0.116180
0.036626
0.282016
0.372886
0.376476
0.426141
0.382856
0.259072
0.146010
0.106115
0.112712
0.187284
0.237326
0.198103
0.172555
0.150575
0.111749
0.048723
-0.014696
-0.094845
-0.158773
-0.167461
-0.150812
-0.138917
-0.113669
-0.090439
-0.100495
-0.110016
-0.114121
-0.098435
-0.067703
-0.021953
0.036982
0.087192
0.118737
0.154404
0.176778
0.185590
0.195047
0.170505
0.149427
0.121822
0.086022
0.030364
-0.042536
-0.094742
-0.132479
-0.170345
-0.195745
-0.213351
-0.217680
-0.229565
-0.220680
-0.206846
-0.191981
-0.164598
-0.132505
-0.083625
-0.046733
-0.014259
0.028612
0.083308
0.143313
0.197779
0.256596
0.313939
0.363555
0.387799
0.412653
0.430813
0.461845
0.489221
0.505954
0.496133
0.461430
0.420575
0.375355
0.334150
0.298409
0.244457
0.190333
0.127633
0.063889
0.012232
-0.029987
-0.066565
-0.105975
-0.140644
-0.174861
-0.205159
-0.221246
-0.226127
-0.219778
-0.209774
-0.194005
-0.175843
-0.169194
-0.183044
-0.216226
-0.274979
-0.329975
-0.377369
-0.418401
-0.458727
-0.495218
-0.516094
-0.534491
-0.537659
-0.527346
-0.502639
-0.476510
-0.457959
-0.428490
-0.401886
-0.366141
-0.323790
-0.274872
-0.232739
-0.192353
-0.150578
-0.103494
-0.062346
-0.007851
0.042821
0.078890
0.102666
0.128774
0.155842
0.184639
0.226128
0.260564
0.261987
0.257291
0.271817
0.292633
0.300460
0.309980
0.323878
0.332464
0.340351
0.357419
0.363511
0.344402
0.321527
0.290087
0.267288
0.251112
0.263487
0.244558
0.207876
0.160128
0.083891
0.015749
-0.050878
-0.110550
-0.173388
-0.234005
-0.278459
-0.305558
-0.309938
-0.300879
-0.275229
-0.259840
-0.246926
-0.215032
-0.181755
-0.140617
-0.088361
-0.051355
-0.047035
-0.029054
-0.015857
-0.012072
-0.007419
0.009702
0.038286
0.071873
0.078905
0.067807
0.067250
0.052666
0.051684
0.062427
0.065380
0.064752
0.064941
0.079421
0.102193
0.131123
0.129872
0.144261
0.170796
0.210797
0.235335
0.256906
0.258299
0.267560
0.257039
0.239215
0.209502
0.177111
0.124137
0.065629
0.011605
-0.029309
-0.076171
-0.145749
-0.209782
-0.258269
-0.297731
-0.309106
-0.313307
-0.296707
-0.277984
-0.274438
-0.266653
-0.248573
-0.209328
-0.154080
-0.082459
-0.011504
0.043863
0.079950
0.101820
0.122626
0.161144
0.156525
0.128924
0.093454
0.076013
0.063734
0.068415
0.077717
0.084885
0.072647
0.021096
-0.023703
-0.051308
-0.067907
-0.072610
-0.065922
-0.046272
-0.005030
0.031221
0.051530
0.075545
0.080414
0.062693
0.035045
0.011772
-0.026127
-0.031819
-0.031850
-0.049377
-0.041958
-0.049658
-0.057302
-0.069782
-0.089025
-0.089831
-0.082325
-0.104300
-0.135987
-0.159031
-0.163556
-0.155481
-0.124246
-0.106210
-0.086256
-0.064033
-0.066463
-0.068737
-0.069006
-0.080009
-0.073496
-0.072770
-0.073111
-0.083529
-0.089001
-0.083354
-0.062671
-0.035756
-0.014529
-0.005122
0.011071
0.031535
0.040526
0.042133
0.055888
0.060289
0.067139
0.082408
0.078813
0.083502
0.074039
0.068285
0.069804
0.069458
0.059912
0.041922
0.031028
0.019098
0.014967
0.028306
0.038079
0.057829
0.072258
0.082453
0.106940
0.139773
0.167079
0.182067
0.180119
0.185988
0.191027
0.200247
0.216459
0.234124
0.240819
0.254009
0.243679
0.250304
0.264717
0.291138
0.301773
0.296768
0.305245
0.278821
0.262518
0.227894
0.187890
0.151042
0.111553
0.083843
0.070293
0.028683
-0.016956
-0.041952
-0.053556
-0.073720
-0.095806
-0.116035
-0.135878
-0.137266
-0.115248
-0.108320
-0.107857
-0.138657
-0.161836
-0.179102
-0.189400
-0.208028
-0.230744
-0.244526
-0.241595
-0.220745
-0.190703
-0.142738
-0.092301
-0.042117
0.003574
0.051671
0.072147
0.074460
0.081200
0.084503
0.071831
0.069532
0.078827
0.091897
0.094913
0.101905
0.083589
0.037606
-0.002072
-0.029883
-0.047941
-0.061626
-0.061866
-0.059431
-0.052866
-0.056564
-0.062637
-0.056301
-0.041151
-0.034189
-0.034068
-0.037744
-0.054912
-0.102967
-0.172500
-0.234006
-0.295225
-0.340643
-0.379946
-0.414402
-0.450020
-0.482861
-0.509322
-0.531159
-0.540300
-0.545784
-0.536625
-0.512183
-0.481502
-0.446585
-0.409489
-0.364800
-0.302209
-0.232285
-0.151629
-0.066405
-0.008730
0.019591
0.055119
0.095144
0.139132
0.187812
0.227275
0.242225
0.249742
0.267998
0.300734
0.341520
0.402250
0.446905
0.484744
0.536302
0.583851
0.604417
0.618328
0.600580
0.572483
0.546182
0.535251
0.540638
0.529179
0.506576
0.449474
0.399458
0.356620
0.301906
0.218360
0.140938
0.055585
-0.024148
-0.091331
-0.139699
-0.188147
-0.222962
-0.232108
-0.246251
-0.269286
-0.285981
-0.305900
-0.312455
-0.317987
-0.313409
-0.288312
-0.250239
-0.209966
-0.169211
-0.153899
-0.165581
-0.168325
-0.171570
-0.179201
-0.176579
-0.166440
-0.140467
-0.115484
-0.097636
-0.070651
-0.033575
-0.012020
-0.004789
0.011275
0.017913
0.029582
0.027466
0.025887
0.040891
0.040974
0.040067
0.043589
0.010894
-0.033837
-0.068679
-0.094400
-0.147167
-0.193748
-0.223002
-0.223553
-0.206946
-0.183431
-0.169168
-0.143411
-0.118802
-0.092648
-0.057377
-0.000082
0.059415
0.120940
0.189553
0.276221
0.372522
0.466654
0.550844
0.617487
0.666110
0.695901
0.693126
0.678037
0.661597
0.641269
0.604287
0.546578
0.475569
0.404461
0.327003
0.249658
0.180226
0.114394
0.054309
-0.002899
-0.057105
-0.104181
-0.145798
-0.182954
-0.216272
-0.245647
-0.272718
-0.294938
-0.313321
-0.325937
-0.331759
-0.335687
-0.335380
-0.336807
-0.339646
-0.339328
-0.334491
-0.324986
-0.315136
-0.298422
-0.274366
-0.251198
-0.230705
-0.209660
-0.181223
-0.152977
-0.127930
-0.107005
-0.080314
-0.054261
-0.029084
-0.005135
0.019695
0.044329
0.065532
0.086025
0.105648
0.109826
0.099234
0.089204
0.080690
0.068106
0.051799
0.034709
0.017810
0.005212
-0.006299
-0.015039
-0.023955
-0.031549
-0.036133
-0.036833
-0.036537
-0.034034
-0.032322
-0.031103
-0.030371
-0.031554
-0.032608
-0.031386
-0.028407
-0.021201
-0.010835
-0.003289
-0.003200
-0.002097
-0.004334
-0.003768
-0.006633
-0.009754
-0.011733
-0.012818
-0.014519
-0.015803
-0.014544
-0.013883
-0.017389
-0.020056
-0.025674
-0.030789
-0.033225
-0.036621
-0.039190
-0.040309
-0.041612
-0.040313
-0.039522
-0.041496
-0.044012
-0.041319
-0.037480
-0.029918
-0.022042
-0.013751
-0.005982
-0.000979
0.003639
0.008533
0.013654
0.018897
0.025016
0.028443
0.032088
0.035588
0.041798
0.044263
0.043655
0.037796
0.030268
0.023777
0.019586
0.018523
0.023198
0.028291
0.035112
0.038237
0.043705
0.045136
0.042143
0.040893
0.036576
0.027550
0.019407
0.013302
0.012923
0.010018
0.004424
-0.001068
-0.008249
-0.013361
-0.014869
-0.016510
-0.013988
-0.015233
-0.017566
-0.021214
-0.029633
-0.039522
-0.045387
-0.049547
-0.050660
-0.047877
-0.046625
-0.043551
-0.042607
-0.042510
-0.043527
-0.042033
-0.041956
-0.036633
-0.031718
-0.023499
-0.016889
-0.009960
-0.002664
0.006112
0.009022
0.010111
0.008911
0.011808
0.015972
0.021814
0.029121
0.035661
0.043555
0.047605
0.046523
0.041359
0.033674
0.026062
0.021468
0.015603
0.010228
0.007078
0.011698
0.018643
0.028025
0.034270
0.032490
0.028034
0.024019
0.017618
0.012742
0.006506
0.003355
-0.003250
-0.012455
-0.024311
-0.034615
-0.042716
-0.050291
-0.056153
-0.057969
-0.053283
-0.046068
-0.033354
-0.018928
-0.008329
0.003165
0.008865
0.015627
0.024139
0.031471
0.037093
0.039737
0.038478
0.034357
0.028189
0.028496
0.032380
0.037820
0.044520
0.046673
0.048286
0.047264
0.039569
0.030163
0.022344
0.016469
0.008401
0.003558
0.001854
-0.005728
-0.011918
-0.020356
-0.029486
-0.038024
-0.047121
-0.055159
-0.063423
-0.073606
-0.085851
-0.099742
-0.112618
-0.122566
-0.134772
-0.145667
-0.149083
-0.147378
-0.144731
-0.138757
-0.128427
-0.117818
-0.101164
-0.081545
-0.066565
-0.053197
-0.040869
-0.031119
-0.020857
-0.011728
-0.001447
0.008114
0.017061
0.025768
0.031446
0.032886
0.033928
0.033837
0.031855
0.026869
0.020290
0.016511
0.013729
0.008307
0.005283
0.003914
0.001359
-0.004867
-0.009724
-0.010233
-0.017225
-0.018495
-0.009873
0.003176
0.020397
0.044584
0.073340
0.107591
0.146619
0.188556
0.227660
0.261873
0.296546
0.331921
0.365094
0.367070
0.344997
0.323213
0.296452
0.267449
0.243952
0.213201
0.173470
0.118572
0.058542
0.003346
-0.049738
-0.101043
-0.148781
-0.191237
-0.232597
-0.270039
-0.302527
-0.330279
-0.355477
-0.382294
-0.407660
-0.426689
-0.440756
-0.447101
-0.451873
-0.451386
-0.443065
-0.430929
-0.410568
-0.383825
-0.351474
-0.313577
-0.273803
-0.226110
-0.168931
-0.103172
-0.031741
0.046006
0.125868
0.211397
0.301062
0.390327
0.472977
0.546359
0.595427
0.593031
0.554975
0.520593
0.477643
0.433078
0.389457
0.350879
0.310432
0.278345
0.256271
0.184672
0.096491
0.022045
-0.039852
-0.086538
-0.135012
-0.190087
-0.227195
-0.257677
-0.279310
-0.292159
-0.290080
-0.278719
-0.253086
-0.224788
-0.196868
-0.155836
-0.108153
-0.095633
-0.105692
-0.107448
-0.093532
-0.063092
-0.025515
0.009732
0.041034
0.046464
0.036817
0.041911
0.059450
0.075776
0.106683
0.129425
0.146408
0.148004
0.148905
0.165686
0.180691
0.190161
0.192722
0.195146
0.210307
0.245478
0.278178
0.315357
0.332798
0.346901
0.340743
0.302651
0.267492
0.230768
0.195591
0.168058
0.153608
0.143192
0.130760
0.104306
0.090431
0.076225
0.064012
0.060682
0.064155
0.066917
0.070452
0.063272
0.040382
0.017360
-0.004529
-0.028102
-0.060894
-0.093808
-0.127817
-0.159220
-0.183131
-0.200422
-0.207727
-0.218547
-0.230786
-0.238072
-0.248583
-0.256170
-0.261226
-0.263486
-0.263905
-0.264149
-0.264334
-0.258362
-0.251750
-0.240680
-0.219771
-0.189679
-0.151747
-0.107275
-0.056463
-0.002846
0.053861
0.113736
0.163292
0.186079
0.196131
0.200388
0.202114
0.203685
0.203687
0.194136
0.175494
0.154991
0.134568
0.112830
0.089989
0.062045
0.034282
0.004819
-0.023218
-0.048405
-0.074334
-0.099659
-0.124277
-0.144480
-0.160903
-0.178970
-0.197475
-0.214392
-0.227387
-0.243233
-0.261641
-0.277213
-0.293054
-0.304955
-0.314063
-0.323669
-0.334077
-0.343396
-0.345591
-0.345850
-0.342127
-0.335695
-0.326510
-0.312456
-0.288489
-0.259740
-0.223714
-0.179609
-0.128768
-0.076773
-0.024845
0.027273
0.073599
0.111070
0.131134
0.148044
0.168620
0.183640
0.203270
0.215765
0.225259
0.220687
0.208346
0.196065
0.189860
0.183165
0.176973
0.166485
0.163573
0.162674
0.158549
0.170366
0.180212
0.191916
0.197612
0.196902
0.198122
0.215711
0.237664
0.204200
0.152009
0.106659
0.054045
0.015398
-0.014894
-0.032455
-0.040819
-0.040248
-0.031181
-0.011968
0.013851
0.042589
0.072118
0.080811
0.084205
0.090102
0.113679
0.146454
0.161111
0.173645
0.189265
0.177012
0.130892
0.080723
0.030649
-0.030647
-0.074799
-0.109918
-0.134746
-0.146171
-0.151633
-0.158237
-0.164803
-0.170542
-0.172141
-0.169768
-0.169279
-0.207321
-0.253469
-0.294706
-0.322111
-0.346871
-0.363123
-0.366028
-0.355831
-0.343966
-0.318771
-0.281654
-0.240908
-0.195064
-0.146070
-0.090832
-0.029722
0.033386
0.092670
0.135005
0.192175
0.245821
0.278164
0.290721
0.294037
0.280163
0.264474
0.252627
0.243548
0.243563
0.245342
0.245699
0.249839
0.258858
0.270983
0.277645
0.273547
0.255676
0.224123
0.187737
0.157131
0.151455
0.154036
0.155004
0.163827
0.188266
0.221486
0.245455
0.269487
0.293350
0.293093
0.278292
0.242414
0.194090
0.155522
0.128339
0.103825
0.094597
0.072836
0.059156
0.035711
-0.009848
-0.069443
-0.117403
-0.159640
-0.195862
-0.238487
-0.287398
-0.333857
-0.371035
-0.402176
-0.427870
-0.448958
-0.466905
-0.472824
-0.482593
-0.486833
-0.479616
-0.458087
-0.432573
-0.399381
-0.360410
-0.315851
-0.272574
-0.222340
-0.163681
-0.112620
-0.076145
-0.046212
-0.028323
-0.002963
0.019042
0.047646
0.077712
0.099378
0.088545
0.083647
0.085358
0.089426
0.090551
0.099243
0.077381
0.054047
0.037829
0.037458
0.037604
0.054457
0.068693
0.090318
0.131967
0.168834
0.185231
0.170133
0.159076
0.157872
0.173935
0.192805
0.229549
0.257612
0.273490
0.284601
0.295834
0.307990
0.298758
0.282715
0.248395
0.209115
0.179092
0.160817
0.151377
0.151125
0.154314
0.154927
0.163680
0.164547
0.161538
0.144738
0.111971
0.064491
0.016164
-0.024905
-0.058418
-0.079341
-0.095005
-0.108208
-0.114019
-0.106648
-0.090398
-0.063794
-0.033764
-0.019557
-0.027090
-0.030164
-0.046543
-0.093089
-0.145372
-0.185726
-0.212252
-0.230312
-0.236377
-0.234490
-0.222628
-0.204673
-0.186383
-0.150723
-0.110100
-0.078240
-0.071135
-0.055269
-0.072118
-0.096705
-0.115255
-0.135650
-0.150262
-0.162253
-0.170228
-0.180140
-0.188390
-0.190498
-0.191339
-0.193534
-0.196022
-0.189924
-0.174277
-0.152460
-0.123949
-0.090462
-0.049996
-0.038910
-0.053902
-0.061087
-0.059070
-0.055844
-0.058021
-0.065165
-0.065376
-0.052779
-0.023160
0.013301
0.058553
0.114381
0.175948
0.238565
0.300079
0.369834
0.444946
0.510507
0.545491
0.545196
0.545657
0.543873
0.539978
0.536091
0.528022
0.515812
0.497985
0.473911
0.436717
0.377317
0.314987
0.254420
0.195147
0.140010
0.088657
0.035578
-0.015336
-0.061102
-0.103859
-0.139940
-0.167328
-0.189050
-0.206661
-0.218369
-0.229938
-0.236290
-0.240191
-0.240238
-0.244308
-0.250818
-0.251291
-0.246364
-0.242159
-0.232933
-0.222857
-0.214057
-0.205023
-0.193468
-0.182031
-0.170514
-0.157665
-0.144527
-0.128825
-0.111686
-0.098924
-0.089030
-0.081032
-0.076377
-0.072442
-0.067550
-0.060527
-0.048206
-0.036314
-0.023114
-0.008092
0.004867
0.013212
0.020436
0.020826
0.015863
0.005628
-0.009926
-0.028781
-0.047335
-0.072858
-0.100755
-0.130537
-0.159240
-0.187395
-0.213660
-0.236018
-0.256631
-0.272027
-0.283936
-0.291462
-0.299414
-0.312871
-0.324884
-0.334520
-0.342015
-0.345354
-0.347104
-0.343487
-0.335592
-0.325032
-0.313323
-0.300648
-0.282036
-0.259984
-0.233997
-0.207185
-0.175064
-0.139291
-0.099409
-0.057801
-0.008307
0.038163
0.077216
0.112602
0.149375
0.187707
0.235516
0.293316
0.350803
0.410648
0.466176
0.510473
0.560124
0.599099
0.608651
0.560863
0.499569
0.442458
0.398377
0.343983
0.287902
0.243742
0.206718
0.164278
0.127730
0.094488
0.084377
0.097442
0.129205
0.171067
0.170460
0.136250
0.110192
0.093914
0.083986
0.081253
0.060220
0.034564
0.015671
-0.004266
-0.024131
-0.042947
-0.049126
-0.039856
-0.032813
-0.012058
0.017758
0.050843
0.086138
0.129253
0.175045
0.177094
0.135879
0.064601
0.007996
-0.037891
-0.070234
-0.091641
-0.097360
-0.102316
-0.112313
-0.131312
-0.141283
-0.161833
-0.197818
-0.230433
-0.259387
-0.273225
-0.268570
-0.259534
-0.240214
-0.212254
-0.182612
-0.174907
-0.159037
-0.137853
-0.131023
-0.139198
-0.143694
-0.136133
-0.119656
-0.092512
-0.059952
-0.020228
0.023815
0.069534
0.113832
0.138331
0.154359
0.140199
0.115532
0.102472
0.086207
0.053227
0.006530
-0.021848
-0.039699
-0.059289
-0.092312
-0.108239
-0.117821
-0.112916
-0.101453
-0.075546
-0.044228
-0.010103
0.019738
0.030634
0.038083
0.028234
0.008414
0.012691
0.027323
0.032395
0.025654
0.007719
-0.001312
0.013150
0.051021
0.094804
0.134367
0.143453
0.158499
0.185387
0.223502
0.255975
0.294723
0.349112
0.372046
0.366169
0.358648
0.361274
0.342875
0.303204
0.281071
0.271400
0.267671
0.262101
0.220464
0.189725
0.150997
0.112860
0.078647
0.048445
0.019561
-0.019501
-0.050629
-0.078350
-0.103100
-0.172550
-0.242476
-0.302303
-0.354262
-0.411826
-0.465018
-0.510086
-0.554334
-0.591818
-0.613683
-0.621423
-0.616455
-0.601460
-0.588429
-0.572473
-0.537627
-0.500019
-0.464539
-0.416388
-0.352402
-0.267705
-0.182157
-0.093820
-0.004258
0.092144
0.184631
0.256643
0.328485
0.400719
0.458826
0.494942
0.516975
0.529717
0.534736
0.544863
0.563248
0.592011
0.612532
0.585492
0.516923
0.442779
0.371865
0.301880
0.226908
0.156894
0.084471
0.020726
-0.030291
-0.081807
-0.121698
-0.178405
-0.225721
-0.267381
-0.297251
-0.306183
-0.310838
-0.316836
-0.316847
-0.304081
-0.273846
-0.231723
-0.178916
-0.135038
-0.113235
-0.095072
-0.083799
-0.066434
-0.037363
0.000027
0.035383
0.071011
0.118675
0.171610
0.197013
0.205052
0.209290
0.196396
0.164996
0.140003
0.120433
0.102433
0.077521
0.054461
0.037794
0.024953
0.023413
0.027577
0.030328
0.029565
0.027662
0.034852
0.055789
0.084273
0.109438
0.134004
0.145044
0.163412
0.145150
0.114687
0.093542
0.063467
0.031976
0.015408
0.012150
0.016372
0.006068
-0.020893
-0.045196
-0.074426
-0.094646
-0.114956
-0.132258
-0.147865
-0.152321
-0.154901
-0.155396
-0.147156
-0.127032
-0.095278
-0.058282
-0.009457
0.049180
0.105053
0.147219
0.150229
0.132590
0.114323
0.091955
0.074214
0.060578
0.058091
0.069463
0.069993
0.044774
-0.000158
-0.037023
-0.073413
-0.100021
-0.132024
-0.164636
-0.190621
-0.209858
-0.227454
-0.247979
-0.259273
-0.259333
-0.260135
-0.261548
-0.252442
-0.231768
-0.212726
-0.190775
-0.161435
-0.125657
-0.083096
-0.032991
0.016966
0.040626
0.038246
0.034145
0.030446
0.034171
0.042238
0.053522
0.067591
0.084706
0.106262
0.125088
0.147312
0.174007
0.205671
0.237665
0.266514
0.300573
0.335601
0.338763
0.303811
0.267565
0.239838
0.219208
0.197201
0.170963
0.142313
0.117324
0.098850
0.071403
0.046585
0.023905
-0.002509
-0.035346
-0.069302
-0.098505
-0.116464
-0.125051
-0.122371
-0.120735
-0.118322
-0.120997
-0.117466
-0.113793
-0.116694
-0.118863
-0.121179
-0.124233
-0.128174
-0.124077
-0.121046
-0.116992
-0.108263
-0.098772
-0.090419
-0.080673
-0.067345
-0.057705
-0.048452
-0.042164
-0.037084
-0.039109
-0.042914
-0.048935
-0.050978
-0.051895
-0.051805
-0.046395
-0.040976
-0.038814
-0.036568
-0.029847
-0.018240
-0.003829
0.011886
0.020367
0.026995
0.028477
0.022132
0.023637
0.026017
0.029035
0.025211
0.022211
0.017057
0.012982
0.010050
0.003404
-0.000093
-0.009238
-0.023763
-0.032708
-0.031812
-0.024528
-0.022190
-0.026803
-0.028175
-0.033617
-0.036496
-0.035186
-0.036824
-0.038744
-0.042213
-0.049686
-0.055347
-0.052945
-0.045811
-0.040729
-0.040182
-0.040194
-0.040021
-0.037458
-0.041663
-0.045430
-0.050305
-0.050361
-0.049903
-0.044688
-0.036322
-0.024515
-0.016785
-0.016234
-0.012219
-0.001962
0.006374
0.011947
0.020178
0.024709
0.023139
0.015875
0.010562
0.003104
-0.005103
-0.006990
0.000417
0.009530
-0.001557
-0.017901
-0.027571
-0.038388
-0.056028
-0.075763
-0.097944
-0.125606
-0.155362
-0.174571
-0.186815
-0.194923
-0.194746
-0.177085
-0.150758
-0.117944
-0.077737
-0.036374
0.005764
0.051005
0.098706
0.147857
0.168454
0.179415
0.200274
0.224958
0.253454
0.257053
0.233640
0.216295
0.172051
0.122176
0.072982
0.015941
-0.047980
-0.110497
-0.169406
-0.215053
-0.253611
-0.285920
-0.301678
-0.310203
-0.307135
-0.292955
-0.262178
-0.222936
-0.176058
-0.126799
-0.065522
-0.004317
0.053456
0.107768
0.154096
0.191181
0.204103
0.190423
0.184901
0.183777
0.184136
0.199316
0.228237
0.266536
0.311280
0.366078
0.426245
0.488449
0.524691
0.540367
0.525534
0.491332
0.463364
0.430356
0.372022
0.328479
0.296728
0.271488
0.259094
0.246267
0.236532
0.229473
0.214922
0.187825
0.152172
0.113186
0.092979
0.060217
0.013279
-0.043145
-0.095256
-0.137770
-0.183161
-0.231863
-0.270549
-0.309513
-0.342536
-0.371408
-0.392172
-0.409412
-0.427498
-0.440958
-0.453651
-0.462382
-0.469348
-0.475842
-0.468982
-0.450716
-0.425466
-0.386835
-0.343807
-0.312835
-0.279205
-0.242100
-0.205820
-0.160649
-0.114126
-0.066025
-0.016158
0.029933
0.074260
0.117715
0.161992
0.200948
0.226420
0.238778
0.241172
0.242140
0.239058
0.248151
0.270083
0.260505
0.225703
0.190063
0.150936
0.112338
0.085320
0.061341
0.043056
0.027622
0.017094
0.012409
0.014181
0.024877
0.043688
0.069715
0.110216
0.123556
0.118542
0.096152
0.084550
0.085507
0.090311
0.092651
0.092479
0.085878
0.086082
0.089437
0.101856
0.122519
0.137312
0.153057
0.175418
0.203890
0.193494
0.167824
0.125472
0.068008
0.019299
-0.027520
-0.069735
-0.102174
-0.127009
-0.143773
-0.148891
-0.146896
-0.150350
-0.154478
-0.150365
-0.142622
-0.141435
-0.132690
-0.120572
-0.109180
-0.101834
-0.104744
-0.107325
-0.109313
-0.110514
-0.107696
-0.108517
-0.105806
-0.099235
-0.092333
-0.091079
-0.083267
-0.081838
-0.086568
-0.090888
-0.085931
-0.085833
-0.088196
-0.085993
-0.089893
-0.098714
-0.100099
-0.088713
-0.081918
-0.067501
-0.052870
-0.038423
-0.025013
-0.015137
-0.007514
-0.019305
-0.050150
-0.080937
-0.111274
-0.140776
-0.176618
-0.213634
-0.246522
-0.268766
-0.289473
-0.301897
-0.314511
-0.319733
-0.314086
-0.301151
-0.281208
-0.256255
-0.228611
-0.200617
-0.163878
-0.122492
-0.075244
-0.022752
0.027880
0.082711
0.140896
0.209407
0.282672
0.363989
0.428842
0.473477
0.498729
0.508998
0.513519
0.515557
0.519995
0.492742
0.459179
0.424946
0.383673
0.338379
0.311961
0.266062
0.229327
0.199237
0.168664
0.153313
0.148033
0.137311
0.128317
0.126500
0.126550
0.082863
0.026445
-0.031964
-0.096047
-0.157234
-0.219228
-0.268271
-0.309178
-0.346222
-0.375502
-0.387081
-0.394105
-0.384008
-0.367887
-0.355960
-0.340322
-0.320314
-0.289302
-0.251968
-0.215622
-0.166201
-0.107604
-0.058341
-0.001765
0.057236
0.106212
0.133003
0.153501
0.173421
0.179539
0.180911
0.172363
0.168389
0.163899
0.161383
0.153980
0.147207
0.111126
0.086329
0.075628
0.021950
-0.041618
-0.094651
-0.135965
-0.163899
-0.177241
-0.179361
-0.166927
-0.140210
-0.113654
-0.091476
-0.062294
-0.030530
0.009397
0.055261
0.101547
0.159498
0.214325
0.270466
0.334623
0.384812
0.428261
0.456482
0.423369
0.382140
0.354951
0.326807
0.305417
0.302371
0.301548
0.287443
0.242314
0.168695
0.098014
0.027618
-0.038191
-0.095638
-0.142562
-0.183538
-0.216806
-0.248696
-0.265554
-0.268321
-0.278232
-0.282179
-0.298354
-0.329390
-0.344900
-0.344616
-0.347293
-0.349733
-0.353941
-0.351945
-0.346220
-0.335657
-0.322061
-0.308595
-0.283170
-0.252795
-0.216458
-0.180793
-0.139957
-0.089579
-0.038095
0.020062
0.047424
0.048319
0.054006
0.062774
0.059012
0.035000
0.003648
-0.027568
-0.051921
-0.066314
-0.077852
-0.090596
-0.091163
-0.078274
-0.061581
-0.048436
-0.035099
-0.011677
0.026460
0.077260
0.132145
0.193141
0.266138
0.353498
0.395174
0.377150
0.331954
0.290952
0.267321
0.260163
0.272298
0.307169
0.353654
0.381563
0.374161
0.355797
0.352849
0.355146
0.361354
0.366101
0.362013
0.365558
0.337734
0.304052
0.281630
0.267801
0.269748
0.278693
0.271256
0.222661
0.167204
0.112995
0.063733
0.018102
-0.018001
-0.046015
-0.071803
-0.094778
-0.114541
-0.130391
-0.137058
-0.136586
-0.144825
-0.161683
-0.173285
-0.185009
-0.197207
-0.205805
-0.210968
-0.216289
-0.221243
-0.232641
-0.239186
-0.253741
-0.276225
-0.301049
-0.323918
-0.339149
-0.352256
-0.360505
-0.361928
-0.352372
-0.345625
-0.346771
-0.348758
-0.342316
-0.330846
-0.319760
-0.307617
-0.292849
-0.278702
-0.267371
-0.253255
-0.241093
-0.215668
-0.186069
-0.149040
-0.109026
-0.068966
-0.031102
-0.004665
0.013609
0.033857
0.054149
0.082246
0.117718
0.156217
0.188860
0.219054
0.246121
0.274111
0.286101
0.281190
0.289285
0.295514
0.307329
0.327329
0.350249
0.384510
0.426719
0.434948
0.381446
0.326312
0.243284
0.150181
0.058257
-0.022860
-0.105383
-0.181240
-0.249945
-0.308620
-0.366314
-0.419316
-0.464308
-0.499467
-0.524560
-0.532724
-0.529662
-0.528655
-0.520508
-0.502433
-0.474106
-0.439886
-0.394162
-0.339925
-0.272376
-0.200957
-0.119267
-0.035345
0.043380
0.078528
0.090446
0.109911
0.135364
0.163859
0.188796
0.196093
0.208022
0.228111
0.251723
0.246213
0.232990
0.238123
0.252943
0.247746
0.218806
0.200482
0.189530
0.193056
0.189628
0.182277
0.192767
0.199901
0.181962
0.161488
0.140943
0.130714
0.128499
0.142745
0.175864
0.217449
0.224333
0.239839
0.253798
0.267756
0.284409
0.304417
0.322003
0.332465
0.339099
0.353564
0.353911
0.332945
0.306233
0.287799
0.247622
0.198207
0.165230
0.145882
0.146189
0.143511
0.118700
0.093057
0.087254
0.092842
0.078902
0.026782
-0.014874
-0.038189
-0.057653
-0.063813
-0.058348
-0.053575
-0.063404
-0.069052
-0.068524
-0.077478
-0.094084
-0.134293
-0.179364
-0.218846
-0.260145
-0.295091
-0.327110
-0.348271
-0.349358
-0.347374
-0.335829
-0.311543
-0.280543
-0.271567
-0.283091
-0.284858
-0.284531
-0.285701
-0.284755
-0.280287
-0.265716
-0.250588
-0.239116
-0.225466
-0.207325
-0.185610
-0.156836
-0.125694
-0.098687
-0.065330
-0.024730
0.025964
0.080334
0.131291
0.188184
0.239602
0.289865
0.335786
0.345824
0.328366
0.316959
0.303773
0.237628
0.164878
0.093914
0.029336
-0.033018
-0.089304
-0.143619
-0.184602
-0.218817
-0.244658
-0.262697
-0.269398
-0.267362
-0.252643
-0.235148
-0.219464
-0.209068
-0.205604
-0.197350
-0.213385
-0.241337
-0.262131
-0.266038
-0.263845
-0.251063
-0.230212
-0.200606
-0.162913
-0.121054
-0.081752
-0.086423
-0.112258
-0.131184
-0.137580
-0.143684
-0.136177
-0.113843
-0.085507
-0.048299
-0.000410
0.058271
0.129623
0.204652
0.285713
0.346297
0.401115
0.460599
0.510204
0.535469
0.552189
0.543984
0.554576
0.530601
0.480114
0.436592
0.388315
0.339267
0.294579
0.245727
0.202995
0.171280
0.145950
0.132193
0.131687
0.139992
0.156534
0.176547
0.188259
0.179839
0.164433
0.155829
0.142160
0.112788
0.081700
0.050799
0.039294
0.043695
0.051182
0.058387
0.069478
0.081607
0.090203
0.098099
0.094819
0.082391
0.054729
0.022520
-0.007487
-0.034726
-0.055488
-0.069480
-0.084082
-0.096326
-0.104834
-0.108406
-0.108957
-0.107589
-0.104251
-0.102181
-0.101111
-0.093816
-0.105355
-0.133460
-0.158169
-0.174925
-0.188232
-0.201785
-0.212545
-0.219824
-0.223642
-0.225740
-0.222328
-0.215618
-0.208812
-0.199746
-0.183575
-0.161968
-0.135224
-0.105837
-0.073266
-0.040327
-0.004492
0.036017
0.047954
0.037273
0.027866
0.018737
0.012091
0.010926
0.009693
0.009318
0.012251
0.011982
0.009268
0.002194
-0.005392
-0.012815
-0.017580
-0.019864
-0.019900
-0.011195
-0.003078
0.001733
0.002287
0.003347
0.007140
0.012173
0.019751
0.028148
0.032107
0.032721
0.029298
0.026159
0.018970
0.010305
0.000887
-0.006986
-0.012928
-0.019103
-0.026831
-0.033943
-0.038582
-0.041975
-0.046909
-0.048094
-0.044996
-0.040265
-0.034492
-0.026978
-0.022523
-0.018827
-0.010894
-0.006513
-0.001355
0.004230
0.008522
0.012101
0.017856
0.021572
0.022567
0.025477
0.025471
0.027710
0.029761
0.027980
0.022971
0.016339
0.010256
0.005495
0.001156
0.000774
-0.004319
-0.010945
-0.017888
-0.026673
-0.036128
-0.045064
-0.055238
-0.068494
-0.088102
-0.108267
-0.127817
-0.147640
-0.165148
-0.185515
-0.202979
-0.217747
-0.234424
-0.252273
-0.268874
-0.280443
-0.289052
-0.288094
-0.281888
-0.271138
-0.255912
-0.239515
-0.221055
-0.199838
-0.180590
-0.160468
-0.138815
-0.114988
-0.086862
-0.058142
-0.030146
0.002839
0.014083
0.001515
-0.004832
-0.007757
-0.003049
0.010497
0.028251
0.045929
0.067782
0.087729
0.112301
0.139498
0.164722
0.194127
0.224526
0.256908
0.285384
0.307764
0.316837
0.309895
0.299178
0.295169
0.283887
0.274259
0.272885
0.279036
0.282915
0.255317
0.228701
0.188543
0.140134
0.102757
0.082386
0.073799
0.075048
0.093997
0.121118
0.140990
0.146855
0.155812
0.165082
0.183692
0.173075
0.168836
0.164820
0.176390
0.169844
0.143215
0.116145
0.090058
0.054031
0.015606
-0.006678
-0.020166
-0.038455
-0.063132
-0.089794
-0.120624
-0.154260
-0.181511
-0.202866
-0.217345
-0.217818
-0.214620
-0.203848
-0.178974
-0.151728
-0.122821
-0.086451
-0.056098
-0.020772
0.014806
0.061505
0.109283
0.144364
0.135503
0.115979
0.103488
0.084026
0.056910
0.029615
0.008820
-0.003946
-0.023888
-0.041702
-0.047465
-0.045580
-0.034730
-0.018322
-0.006414
0.011197
0.026506
0.046391
0.073698
0.096540
0.099222
0.097443
0.087970
0.066873
0.049684
0.027976
0.012107
0.007046
0.001712
-0.008619
-0.025117
-0.059026
-0.097796
-0.136996
-0.181200
-0.224219
-0.257376
-0.284713
-0.311074
-0.325888
-0.337971
-0.351142
-0.361236
-0.366016
-0.358725
-0.355457
-0.348707
-0.330844
-0.302805
-0.274687
-0.245800
-0.232996
-0.227751
-0.221670
-0.212685
-0.200402
-0.197755
-0.185996
-0.161743
-0.128723
-0.082820
-0.030371
0.025127
0.085664
0.151017
0.203536
0.208519
0.204904
0.213567
0.233353
0.264709
0.292192
0.300648
0.288457
0.269856
0.249092
0.242084
0.230340
0.228189
0.230668
0.237860
0.233201
0.241254
0.256898
0.241935
0.217009
0.194212
0.180492
0.156530
0.122878
0.101955
0.092488
0.085912
0.081085
0.042434
-0.010883
-0.069469
-0.112511
-0.137202
-0.165310
-0.212352
-0.258540
-0.297968
-0.311431
-0.311046
-0.308823
-0.301827
-0.284241
-0.260136
-0.222747
-0.200202
-0.199278
-0.168224
-0.100437
-0.013294
0.058557
0.098524
0.141355
0.185203
0.220693
0.238075
0.263735
0.304238
0.336117
0.346872
0.332868
0.333342
0.325729
0.312948
0.303581
0.280678
0.254916
0.260392
0.282160
0.317275
0.341266
0.328821
0.300004
0.284660
0.259624
0.240839
0.204044
0.164341
0.137102
0.112220
0.088565
0.076183
0.066729
0.051834
0.052651
0.028670
-0.010433
-0.056198
-0.097853
-0.120614
-0.137649
-0.159002
-0.189774
-0.218117
-0.233035
-0.237843
-0.235675
-0.234393
-0.226040
-0.214752
-0.200757
-0.207627
-0.234488
-0.250933
-0.267293
-0.287947
-0.314659
-0.334133
-0.359053
-0.382514
-0.389758
-0.400251
-0.402581
-0.399639
-0.388995
-0.394528
-0.389945
-0.380865
-0.354351
-0.325675
-0.292790
-0.254561
-0.210666
-0.158482
-0.127567
-0.134665
-0.155346
-0.163611
-0.157810
-0.144960
-0.122280
-0.096856
-0.063984
-0.022209
0.027623
0.096140
0.173751
0.258789
0.344312
0.414134
0.461343
0.481457
0.474658
0.477587
0.451719
0.404532
0.360530
0.291579
0.228328
0.169409
0.129156
0.090558
0.060029
0.050332
0.054488
0.081734
0.126475
0.187247
0.215377
0.210857
0.188075
0.153453
0.145180
0.144585
0.148063
0.142476
0.133047
0.139967
0.152481
0.159522
0.152040
0.122358
0.094227
0.084722
0.072430
0.062630
0.050475
0.038614
0.033345
0.009115
-0.013707
-0.035481
-0.066303
-0.085151
-0.075844
-0.080776
-0.081647
-0.071611
-0.068273
-0.059735
-0.064454
-0.064142
-0.062401
-0.068410
-0.078683
-0.083828
-0.076922
-0.073384
-0.106575
-0.155930
-0.204790
-0.243057
-0.267419
-0.284677
-0.291913
-0.289586
-0.259635
-0.228240
-0.190246
-0.153589
-0.095221
-0.035561
0.001998
0.016270
0.007480
-0.004116
0.009385
0.021561
0.024822
0.003801
-0.005585
0.002232
-0.006030
-0.013630
-0.028325
-0.031640
-0.022961
0.002751
0.029040
0.050840
0.077376
0.091921
0.101172
0.110791
0.108244
0.111500
0.111616
0.101328
0.092642
0.104639
0.117157
0.138720
0.159616
0.164277
0.164705
0.125398
0.090018
0.065737
0.027426
-0.022388
-0.055064
-0.065622
-0.051905
-0.042476
-0.055701
-0.049689
-0.050795
-0.062992
-0.059378
-0.070500
-0.066975
-0.068920
-0.070956
-0.046173
-0.018465
0.029155
0.066295
0.096560
0.111229
0.111848
0.098259
0.121125
0.132359
0.154276
0.149843
0.125265
0.112859
0.097528
0.067780
0.032105
0.005178
-0.001469
0.010902
0.007787
0.013018
0.030337
0.041429
0.054489
0.077267
0.111107
0.141306
0.159858
0.168397
0.158609
0.130572
0.120669
0.119737
0.101340
0.093291
0.085015
0.055002
0.025761
-0.005244
-0.050086
-0.109130
-0.170819
-0.217660
-0.243347
-0.258399
-0.257633
-0.240535
-0.209505
-0.182748
-0.153916
-0.108072
-0.048854
0.013403
0.077362
0.141632
0.175932
0.216154
0.259049
0.320827
0.371915
0.399761
0.404200
0.380002
0.340250
0.287533
0.203649
0.114476
0.040857
-0.037020
-0.118382
-0.194983
-0.263134
-0.319528
-0.367885
-0.399366
-0.423508
-0.431764
-0.431996
-0.425609
-0.408951
-0.377599
-0.343339
-0.315841
-0.285270
-0.253504
-0.246437
-0.269911
-0.297976
-0.315111
-0.319551
-0.317355
-0.298019
-0.268013
-0.227098
-0.182339
-0.128901
-0.072635
-0.013326
0.053694
0.126233
0.203500
0.267788
0.321494
0.340225
0.342841
0.353138
0.364791
0.381325
0.401764
0.424637
0.444726
0.463924
0.476831
0.468064
0.408004
0.334753
0.262013
0.196856
0.137498
0.081115
0.034798
-0.001301
-0.027171
-0.046174
-0.058110
-0.057109
-0.048864
-0.033599
-0.019748
-0.003522
0.012380
0.026182
0.041904
0.023934
-0.010343
-0.042061
-0.070479
-0.091063
-0.103648
-0.115911
-0.124702
-0.127026
-0.124965
-0.124005
-0.121630
-0.116182
-0.110824
-0.101217
-0.090795
-0.080142
-0.079990
-0.075790
-0.076964
-0.079667
-0.076494
-0.075463
-0.072723
-0.072060
-0.070063
-0.070295
-0.073924
-0.079234
-0.084590
-0.097180
-0.106115
-0.113341
-0.117972
-0.117003
-0.114835
-0.112416
-0.106277
-0.099193
-0.092546
-0.081003
-0.065099
-0.046450
-0.027303
-0.007026
0.010392
0.027853
0.044360
0.060033
0.075196
0.088546
0.101688
0.113615
0.123198
0.136452
0.149267
0.140636
0.117839
0.097957
0.078239
0.059239
0.040077
0.021446
0.005596
-0.010008
-0.025701
-0.042128
-0.060198
-0.078483
-0.093426
-0.104703
-0.113482
-0.120855
-0.131131
-0.140056
-0.143739
-0.149271
-0.149718
-0.147513
-0.142821
-0.136532
-0.131613
-0.122776
-0.107153
-0.094350
-0.081795
-0.062760
-0.042961
-0.019693
0.007663
0.040270
0.079078
0.117809
0.154590
0.179064
0.167737
0.139983
0.117027
0.098028
0.079058
0.059571
0.040001
0.019590
0.001409
-0.017602
-0.034505
-0.050563
-0.062405
-0.072672
-0.084739
-0.093725
-0.098630
-0.101280
-0.101631
-0.100133
-0.098333
-0.094462
-0.088987
-0.076288
-0.058295
-0.037465
-0.011855
0.017138
0.052324
0.093770
0.137710
0.169140
0.200399
0.235241
0.273602
0.312690
0.324180
0.312786
0.295626
0.284765
0.280393
0.288828
0.293638
0.278174
0.255941
0.239994
0.229303
0.201883
0.165089
0.125820
0.089772
0.055973
0.028541
0.002148
-0.024107
-0.050458
-0.073741
-0.092018
-0.110677
-0.127179
-0.140538
-0.150295
-0.155177
-0.156206
-0.152755
-0.149797
-0.146521
-0.144860
-0.145862
-0.143399
-0.140644
-0.134470
-0.130060
-0.123664
-0.119487
-0.113649
-0.109642
-0.100324
-0.087447
-0.072672
-0.057443
-0.043594
-0.028629
-0.014664
-0.001692
0.008854
0.018020
0.023160
0.023899
0.023693
0.026717
0.030731
0.031582
0.030789
0.028352
0.028275
0.027176
0.025812
0.028789
0.032925
0.033821
0.031421
0.025136
0.013084
-0.004765
-0.023449
-0.039176
-0.047959
-0.053111
-0.058823
-0.057717
-0.063415
-0.065416
-0.064565
-0.062849
-0.061628
-0.062712
-0.068389
-0.071907
-0.076955
-0.079752
-0.080797
-0.079309
-0.074747
-0.068637
-0.061987
-0.053304
-0.041996
-0.025920
-0.008109
-0.002239
-0.006849
-0.012082
-0.024081
-0.034998
-0.042778
-0.051901
-0.058049
-0.063840
-0.069769
-0.075373
-0.083073
-0.087379
-0.087172
-0.086048
-0.080172
-0.070216
-0.055502
-0.040908
-0.020852
0.000992
0.025022
0.050345
0.077028
0.107426
0.146360
0.193804
0.244656
0.296029
0.345300
0.349406
0.321872
0.293902
0.265820
0.240522
0.217101
0.193290
0.169232
0.146263
0.124532
0.101668
0.082135
0.064914
0.050859
0.038765
0.027434
0.013461
0.000878
-0.011957
-0.027565
-0.039543
-0.048015
-0.057548
-0.063345
-0.063994
-0.063568
-0.067107
-0.070203
-0.074977
-0.080669
-0.087873
-0.094814
-0.100421
-0.105189
-0.108286
-0.110676
-0.111628
-0.110256
-0.107784
-0.101823
-0.093743
-0.087547
-0.081901
-0.073664
-0.068727
-0.063892
-0.055820
-0.043363
-0.026055
-0.015609
-0.007369
-0.001633
0.007464
0.014395
0.023776
0.030101
0.034192
0.036785
0.039444
0.039754
0.040018
0.040299
0.041136
0.040892
0.040123
0.034871
0.027223
0.019950
0.011182
0.003826
-0.001497
-0.005814
-0.009852
-0.014378
-0.019596
-0.026229
-0.037782
-0.048642
-0.060774
-0.071516
-0.078017
-0.077287
-0.076297
-0.072060
-0.067855
-0.059487
-0.048933
-0.034911
-0.021029
-0.010430
-0.004016
-0.000316
0.000366
0.001207
0.002517
0.006298
0.013097
0.023291
0.033820
0.040702
0.045434
0.050268
0.054142
0.056393
0.057596
0.058818
0.058431
0.058491
0.062577
0.064760
0.062770
0.058653
0.055331
0.051246
0.046232
0.040037
0.034602
0.027858
0.020811
0.012089
0.005179
-0.001781
-0.007343
-0.013200
-0.021596
-0.029296
-0.035199
-0.042066
-0.050144
-0.055556
-0.056621
-0.056792
-0.059955
-0.061717
-0.065564
-0.068021
-0.067340
-0.062892
-0.058534
-0.056975
-0.055582
-0.051732
-0.049078
-0.045125
-0.043923
-0.039179
-0.033429
-0.025094
-0.013718
-0.001027
0.009210
0.021767
0.034168
0.045331
0.056752
0.064709
0.067862
0.070047
0.069260
0.068352
0.066526
0.065908
0.062549
0.058018
0.055182
0.053234
0.055390
0.055904
0.053685
0.046421
0.042019
0.036615
0.030604
0.020105
0.009180
0.001122
-0.003563
-0.006866
-0.007685
-0.008584
-0.012816
-0.017262
-0.019809
-0.021793
-0.024029
-0.023825
-0.024490
-0.022997
-0.015889
-0.014892
-0.014834
-0.018040
-0.021329
-0.021616
-0.019743
-0.012398
-0.005920
-0.001743
0.000351
0.000421
-0.003043
-0.003448
-0.006544
-0.009961
-0.016184
-0.023889
-0.031082
-0.038399
-0.042097
-0.044054
-0.048807
-0.053600
-0.057723
-0.055386
-0.050800
-0.042219
-0.033526
-0.026741
-0.022394
-0.017495
-0.014001
-0.009325
-0.004986
-0.001918
0.001389
0.004105
0.003677
0.004502
0.009379
0.012429
0.016286
0.019994
0.019749
0.020599
0.026123
0.031918
0.033843
0.033832
0.033680
0.031787
0.027332
0.019667
0.012545
0.008629
0.007527
0.007805
0.005324
0.001313
0.000074
0.000952
0.002259
0.003447
0.000157
-0.004717
-0.009172
-0.011597
-0.012653
-0.010286
-0.007218
-0.007893
-0.006746
-0.000513
0.008330
0.018367
0.026959
0.035918
0.043220
0.045369
0.045700
0.041570
0.036506
0.035768
0.036389
0.035609
0.031475
0.028720
0.023346
0.020269
0.020002
0.020916
0.020047
0.015385
0.009461
0.006736
0.002398
-0.002804
-0.007413
-0.013485
-0.023290
-0.030389
-0.034386
-0.038491
-0.040078
-0.036271
-0.033760
-0.031964
-0.033397
-0.034473
-0.035387
-0.038264
-0.041015
-0.043872
-0.045462
-0.047174
-0.049679
-0.052646
-0.054272
-0.053628
-0.048178
-0.042645
-0.034296
-0.020346
-0.006510
0.007438
0.021250
0.036563
0.049113
0.057557
0.061838
0.063394
0.064422
0.066987
0.068951
0.064497
0.060861
0.057038
0.052228
0.050814
0.050002
0.045723
0.043241
0.041098
0.035620
0.029229
0.021611
0.017935
0.015673
0.012540
0.006996
0.006071
0.006106
0.005815
0.007193
0.005645
0.003172
0.000439
-0.000727
-0.002159
-0.007383
-0.014696
-0.019595
-0.028311
-0.038454
-0.047035
-0.054535
-0.059969
-0.061939
-0.062748
-0.058510
-0.051292
-0.041960
-0.037701
-0.030905
-0.022534
-0.014976
-0.009638
-0.007911
-0.006933
-0.006153
-0.007400
-0.008171
-0.011273
-0.016516
-0.016348
-0.014722
-0.012747
-0.009748
-0.007728
-0.006481
-0.005127
-0.004019
-0.001248
-0.000017
0.001138
0.002005
0.000839
-0.001222
-0.002942
-0.001112
0.001654
0.002027
-0.001043
-0.005277
-0.011285
-0.017204
-0.020631
-0.020736
-0.017996
-0.020762
-0.024228
-0.026956
-0.031225
-0.034112
-0.032521
-0.032219
-0.032725
-0.034847
-0.033057
-0.026616
-0.016561
-0.006432
-0.001744
-0.002742
0.000270
0.004543
0.009509
0.014282
0.019648
0.026872
0.031767
0.034020
0.032959
0.029801
0.026723
0.022689
0.021243
0.021036
0.024920
0.027634
0.033092
0.038190
0.041949
0.044454
0.048586
0.054286
0.060154
0.061851
0.059855
0.059861
0.060589
0.058503
0.052342
0.043191
0.036356
0.029274
0.025375
0.018473
0.010985
-0.000528
-0.008874
-0.012432
-0.014828
-0.016431
-0.020378
-0.022501
-0.023613
-0.023189
-0.019308
-0.017597
-0.017844
-0.016631
-0.020888
-0.026099
-0.032070
-0.037278
-0.043391
-0.047615
-0.050925
-0.053408
-0.058713
-0.065755
-0.072989
-0.078440
-0.083370
-0.084392
-0.084202
-0.081452
-0.080995
-0.075926
-0.070253
-0.065953
-0.060449
-0.053280
-0.043525
-0.032890
-0.025755
-0.021601
-0.017011
-0.011620
-0.005200
-0.001137
0.000634
0.007218
0.011672
0.018068
0.026335
0.034049
0.040137
0.043668
0.050517
0.059972
0.069592
0.079970
0.088484
0.098717
0.110452
0.117669
0.125092
0.126810
0.129015
0.125209
0.118782
0.109392
0.100886
0.093103
0.082331
0.074079
0.059982
0.050614
0.040342
0.026537
0.012188
-0.002672
-0.014266
-0.020732
-0.022849
-0.022813
-0.019595
-0.017366
-0.016927
-0.017880
-0.016889
-0.018308
-0.016960
-0.014455
-0.015606
-0.017207
-0.016390
-0.015628
-0.018151
-0.021908
-0.025371
-0.026801
-0.029108
-0.028675
-0.029638
-0.032110
-0.034776
-0.038662
-0.042122
-0.046643
-0.050183
-0.052448
-0.054905
-0.055463
-0.051134
-0.044470
-0.039829
-0.036053
-0.031905
-0.029585
-0.025022
-0.021719
-0.018478
-0.014685
-0.010297
-0.004944
0.001215
0.009830
0.016954
0.023885
0.029653
0.032731
0.037209
0.038420
0.035892
0.032882
0.031216
0.031203
0.028562
0.028743
0.024570
0.020187
0.014596
0.012008
0.009656
0.006075
0.001929
-0.002372
-0.005672
-0.010364
-0.014679
-0.018491
-0.018742
-0.015352
-0.013076
-0.011478
-0.016300
-0.022796
-0.030635
-0.043538
-0.053664
-0.064431
-0.071059
-0.074364
-0.072762
-0.071067
-0.069237
-0.064549
-0.060300
-0.052966
-0.045880
-0.036972
-0.031494
-0.024962
-0.016765
-0.006942
-0.000035
0.009624
0.018998
0.027557
0.036570
0.043221
0.047577
0.054165
0.060489
0.068228
0.076117
0.083280
0.094470
0.105825
0.109937
0.107421
0.101302
0.096742
0.089143
0.080763
0.069121
0.055281
0.041064
0.032303
0.026222
0.017139
0.010908
0.009055
0.000815
-0.010993
-0.021476
-0.032387
-0.041104
-0.046829
-0.049663
-0.045908
-0.040288
-0.036353
-0.029955
-0.030806
-0.032681
-0.035547
-0.036999
-0.039248
-0.043910
-0.045591
-0.043959
-0.046150
-0.044031
-0.042316
-0.041158
-0.040103
-0.035820
-0.032924
-0.029336
-0.029116
-0.033085
-0.034032
-0.032235
-0.024587
-0.017082
-0.013183
-0.007345
-0.001858
-0.000196
-0.000166
-0.001229
-0.002418
-0.004725
-0.006637
-0.010622
-0.013973
-0.013524
-0.010477
-0.008739
-0.004619
0.002670
0.003306
0.008500
0.014210
0.017416
0.018248
0.019309
0.018697
0.019595
0.022079
0.028146
0.035279
0.041263
0.046879
0.052808
0.061498
0.068161
0.070974
0.070659
0.069603
0.063015
0.053446
0.043886
0.034340
0.024611
0.014378
0.006467
0.001749
-0.004115
-0.011600
-0.018504
-0.021121
-0.021122
-0.021663
-0.021716
-0.021627
-0.021586
-0.021748
-0.021152
-0.021808
-0.021078
-0.020069
-0.019754
-0.018566
-0.020061
-0.020900
-0.019697
-0.019404
-0.016233
-0.011858
-0.010689
-0.009798
-0.009624
-0.012135
-0.012791
-0.009667
-0.008198
-0.010627
-0.015360
-0.021769
-0.026590
-0.032119
-0.034595
-0.034243
-0.033613
-0.033572
-0.031031
-0.028124
-0.021250
-0.016039
-0.013561
-0.011430
-0.006131
-0.003065
-0.000069
0.004959
0.009776
0.014465
0.017460
0.021170
0.023286
0.023715
0.021763
0.022858
0.026797
0.033790
0.039538
0.047834
0.053497
0.057489
0.058488
0.058743
0.056722
0.051919
0.042460
0.032478
0.021852
0.014897
0.011598
0.005239
0.001377
-0.000922
0.000587
0.003068
0.003855
0.001419
-0.000388
-0.006537
-0.015461
-0.023432
-0.028902
-0.033609
-0.036831
-0.036253
-0.033920
-0.031103
-0.028441
-0.024920
-0.017039
-0.011173
-0.005721
-0.003882
-0.004735
-0.005501
-0.003189
0.000783
0.003230
0.002197
0.003044
0.004918
0.006137
0.003847
0.000496
-0.001475
-0.002594
-0.002747
-0.002706
-0.003873
-0.008406
-0.014701
-0.019789
-0.023754
-0.024027
-0.023892
-0.025463
-0.027551
-0.030939
-0.034951
-0.036319
-0.037001
-0.035722
-0.034531
-0.029775
-0.024033
-0.020647
-0.020032
-0.020265
-0.018707
-0.017375
-0.017802
-0.018042
-0.010597
-0.001672
0.003481
0.005023
0.004807
0.005129
0.005492
0.007482
0.012593
0.018113
0.023092
0.029138
0.037236
0.044810
0.053497
0.062620
0.071645
0.076754
0.084911
0.089520
0.092612
0.090216
0.087722
0.078982
0.066406
0.051944
0.039290
0.026204
0.010853
-0.000860
-0.010398
-0.019686
-0.025308
-0.028249
-0.029958
-0.028693
-0.027959
-0.027834
-0.027047
-0.028018
-0.032541
-0.035710
-0.041719
-0.046814
-0.050922
-0.053466
-0.055438
-0.058874
-0.060121
-0.061206
-0.059088
-0.056084
-0.055142
-0.053413
-0.049865
-0.042099
-0.036056
-0.027686
-0.019615
-0.012216
-0.007195
-0.000758
0.004775
0.007705
0.008936
0.009990
0.010064
0.009879
0.009386
0.010012
0.010357
0.012477
0.013808
0.011993
0.011430
0.016116
0.020067
0.018130
0.018990
0.023549
0.026546
0.032549
0.040163
0.049988
0.060728
0.069871
0.075804
0.079868
0.085960
0.093995
0.096459
0.096492
0.090843
0.084503
0.077673
0.066826
0.050902
0.032238
0.014782
-0.003509
-0.021986
-0.040277
-0.056326
-0.066360
-0.073043
-0.075803
-0.080236
-0.086833
-0.086356
-0.085608
-0.079512
-0.072139
-0.065545
-0.060209
-0.055396
-0.046796
-0.036891
-0.031490
-0.026127
-0.023366
-0.021431
-0.018598
-0.017729
-0.018540
-0.017999
-0.018265
-0.018679
-0.017670
-0.014963
-0.010030
-0.004831
-0.002095
-0.003213
-0.002586
0.000215
0.003740
0.007963
0.015473
0.019863
0.028507
0.038154
0.048761
0.055336
0.059007
0.062437
0.060668
0.059037
0.056749
0.050842
0.041510
0.030969
0.023403
0.016479
0.010857
0.004774
-0.002068
-0.008063
-0.012529
-0.014250
-0.016096
-0.012747
-0.010849
-0.005555
-0.001736
0.003422
0.006747
0.010678
0.010142
0.005208
-0.000033
-0.005704
-0.006308
-0.008897
-0.013455
-0.016587
-0.018701
-0.019267
-0.018246
-0.019489
-0.019246
-0.022370
-0.025020
-0.022554
-0.017468
-0.013532
-0.010011
-0.005219
-0.001401
0.001984
0.006078
0.011048
0.018866
0.023884
0.025958
0.027828
0.031233
0.032411
0.033393
0.033545
0.032651
0.030558
0.027155
0.019643
0.007561
-0.005696
-0.012329
-0.018118
-0.023446
-0.022676
-0.020127
-0.014833
-0.009063
-0.003084
0.001461
0.002185
0.004707
0.005426
0.006246
0.008152
0.006854
0.009717
0.012961
0.012847
0.014069
0.013011
0.013779
0.014081
0.009619
0.004530
-0.000738
-0.007515
-0.014931
-0.017336
-0.022052
-0.026970
-0.029654
-0.028225
-0.026144
-0.025536
-0.022192
-0.018062
-0.013591
-0.009925
-0.007844
-0.004117
0.001010
0.000331
-0.003348
-0.008449
-0.010275
-0.014007
-0.017889
-0.021139
-0.021778
-0.021592
-0.023628
-0.026682
-0.028336
-0.028944
-0.026674
-0.017418
-0.007638
0.003971
0.013140
0.020683
0.027815
0.031949
0.036812
0.043167
0.048511
0.053374
0.055462
0.056584
0.052468
0.053834
0.056448
0.058277
0.059360
0.060269
0.061626
0.064680
0.065213
0.054247
0.036949
0.017138
-0.001637
-0.022435
-0.043091
-0.067037
-0.086628
-0.106112
-0.123327
-0.142357
-0.164226
-0.192942
-0.216484
-0.239401
-0.262020
-0.285896
-0.299369
-0.313950
-0.327866
-0.334282
-0.342518
-0.355864
-0.362664
-0.366644
-0.365373
-0.360651
-0.348803
-0.334546
-0.318364
-0.299501
-0.274663
-0.248525
-0.219134
-0.185637
-0.143273
-0.097715
-0.049957
0.001476
0.055287
0.104893
0.150817
0.198694
0.246019
0.299815
0.355170
0.417583
0.478827
0.537795
0.570482
0.551519
0.516690
0.485026
0.451846
0.428151
0.372848
0.297784
0.228801
0.157710
0.098224
0.054260
0.021146
-0.021398
-0.065718
-0.100089
-0.128547
-0.160210
-0.199635
-0.253397
-0.311760
-0.343049
-0.359232
-0.361752
-0.360462
-0.325115
-0.265666
-0.208294
-0.156105
-0.093187
-0.017757
0.064533
0.150344
0.241402
0.343347
0.462365
0.575550
0.665206
0.740812
0.810790
0.859886
0.827952
0.767139
0.710953
0.665831
0.623983
0.575716
0.521004
0.436705
0.344880
0.257073
0.184988
0.121903
0.066484
0.024816
-0.013380
-0.042438
-0.074933
-0.146122
-0.223525
-0.290582
-0.351535
-0.403198
-0.443313
-0.477890
-0.505148
-0.524160
-0.541157
-0.552350
-0.561890
-0.567385
-0.566031
-0.560028
-0.549645
-0.529263
-0.502123
-0.465223
-0.424473
-0.378269
-0.324602
-0.269709
-0.210169
-0.138820
-0.071697
-0.011742
0.040238
0.094466
0.149832
0.211302
0.271471
0.299385
0.324232
0.348728
0.347375
0.349746
0.361723
0.380836
0.399019
0.421954
0.446316
0.467935
0.479359
0.479965
0.486218
0.495974
0.498633
0.459126
0.393838
0.326358
0.263724
0.206573
0.137353
0.072292
0.012489
-0.045688
-0.102579
-0.154153
-0.203185
-0.248125
-0.290982
-0.324765
-0.354022
-0.390459
-0.430922
-0.467126
-0.496325
-0.514628
-0.528499
-0.544110
-0.560032
-0.566171
-0.569609
-0.554835
-0.538302
-0.518118
-0.502635
-0.485047
-0.464633
-0.438499
-0.410107
-0.374225
-0.323715
-0.281438
-0.236266
-0.185123
-0.124071
-0.061518
0.003478
0.071028
0.137495
0.199953
0.266427
0.331687
0.399797
0.471977
0.544448
0.594974
0.621390
0.651022
0.680857
0.680279
0.619356
0.554525
0.492072
0.430257
0.371409
0.318139
0.255535
0.162490
0.059377
-0.036929
-0.118373
-0.189949
-0.245471
-0.285580
-0.309000
-0.308876
-0.302381
-0.284803
-0.256583
-0.242833
-0.225371
-0.216830
-0.222399
-0.230060
-0.239547
-0.252592
-0.253752
-0.244249
-0.221445
-0.182887
-0.133158
-0.073997
-0.003424
0.076219
0.157880
0.247522
0.337535
0.424978
0.500084
0.558701
0.598457
0.622220
0.646280
0.669970
0.673841
0.633542
0.568599
0.500180
0.428402
0.361762
0.303723
0.252012
0.184718
0.117004
0.054419
-0.001767
-0.053846
-0.100793
-0.142385
-0.181519
-0.214075
-0.246852
-0.273716
-0.292814
-0.305868
-0.321569
-0.331228
-0.336230
-0.336435
-0.328791
-0.320168
-0.312201
-0.305476
-0.300622
-0.298934
-0.293807
-0.283570
-0.272031
-0.260705
-0.247732
-0.234404
-0.217466
-0.198725
-0.179724
-0.157099
-0.134599
-0.114213
-0.093968
-0.074156
-0.054901
-0.035879
-0.018839
-0.005282
0.003589
0.010470
0.008714
0.006034
0.005647
0.007515
0.013147
0.020395
0.025918
0.031236
0.037557
0.041626
0.045287
0.054508
0.068597
0.084374
0.100106
0.115309
0.089618
0.048348
0.014715
-0.009937
-0.028285
-0.039394
-0.046534
-0.043333
-0.033961
-0.024264
-0.008176
0.011861
0.038721
0.059613
0.083811
0.112083
0.138646
0.162481
0.182257
0.199286
0.212545
0.203563
0.177647
0.150721
0.119102
0.090053
0.062600
0.036762
0.012015
-0.009138
-0.026806
-0.044108
-0.056682
-0.070891
-0.110147
-0.163939
-0.209683
-0.253748
-0.291034
-0.323638
-0.351130
-0.371343
-0.390576
-0.408379
-0.419411
-0.420734
-0.415637
-0.399551
-0.378171
-0.348427
-0.314797
-0.270774
-0.221352
-0.168753
-0.108031
-0.041714
0.031778
0.102049
0.151542
0.191411
0.221593
0.237181
0.258093
0.279900
0.302119
0.320960
0.343592
0.372236
0.387474
0.355755
0.324101
0.282793
0.237023
0.192608
0.114773
0.045550
-0.047192
-0.145371
-0.224398
-0.312530
-0.383112
-0.432213
-0.449741
-0.451411
-0.427462
-0.395937
-0.348229
-0.309390
-0.279704
-0.243861
-0.192585
-0.116975
-0.025338
0.072570
0.168463
0.265373
0.319873
0.389397
0.442330
0.487966
0.534640
0.570876
0.613928
0.677710
0.743077
0.814230
0.858345
0.891889
0.901789
0.827535
0.732909
0.632876
0.526999
0.426251
0.332668
0.247538
0.170619
0.101231
0.029037
-0.045481
-0.112114
-0.168146
-0.213189
-0.258325
-0.295405
-0.323699
-0.344265
-0.370643
-0.399073
-0.417793
-0.431210
-0.433052
-0.423531
-0.407959
-0.386215
-0.362232
-0.330830
-0.297112
-0.265673
-0.238214
-0.203682
-0.165122
-0.125218
-0.078119
-0.026520
0.020344
0.049111
0.073111
0.103432
0.142528
0.185215
0.225751
0.271736
0.299593
0.312289
0.318807
0.292629
0.262794
0.227183
0.195049
0.155547
0.112609
0.069530
0.031564
-0.000855
-0.027755
-0.054551
-0.077282
-0.101998
-0.124317
-0.146255
-0.164591
-0.182741
-0.199099
-0.209420
-0.216251
-0.219731
-0.221479
-0.218808
-0.212161
-0.205259
-0.197514
-0.182642
-0.163733
-0.147695
-0.130932
-0.116581
-0.099675
-0.084494
-0.065264
-0.046802
-0.027720
-0.009987
0.007736
0.025551
0.036752
0.042775
0.048570
0.052306
0.051482
0.050146
0.049273
0.043663
0.033368
0.024058
0.016964
0.012612
0.010445
0.009724
0.005670
0.002842
-0.000277
-0.003334
-0.004464
-0.005686
-0.008511
-0.012949
-0.014860
-0.016896
-0.018543
-0.019453
-0.019035
-0.018916
-0.016652
-0.013549
-0.014183
-0.014579
-0.012536
-0.009215
-0.006125
-0.005830
-0.003088
0.000078
0.004504
0.009440
0.015018
0.016023
0.016630
0.016258
0.015579
0.015228
0.012942
0.010146
0.006735
0.004358
-0.001432
-0.003228
-0.006143
-0.011601
-0.019458
-0.024291
-0.029104
-0.032514
-0.035053
-0.034084
-0.030065
-0.025315
-0.018284
-0.012170
-0.004323
0.005175
0.014714
0.023131
0.028649
0.031531
0.032103
0.032683
0.030251
0.025629
0.023598
0.021191
0.020037
0.015185
0.010002
0.001289
-0.008901
-0.016829
-0.020554
-0.025739
-0.030545
-0.032495
-0.031557
-0.024530
-0.017220
-0.012172
-0.006774
-0.001740
0.001504
0.003919
0.004708
0.006822
0.005682
0.002012
-0.000164
0.000365
0.001333
0.002500
0.007020
0.012132
0.015223
0.017547
0.020030
0.020286
0.017907
0.018404
0.020312
0.022560
0.023217
0.023028
0.024844
0.028429
0.032997
0.036113
0.037286
0.043166
0.049821
0.052293
0.050711
0.045891
0.039956
0.037859
0.039790
0.042122
0.041403
0.040861
0.036798
0.033467
0.023652
0.012604
-0.002547
-0.015283
-0.026637
-0.037510
-0.049722
-0.057177
-0.066738
-0.079257
-0.092211
-0.105061
-0.117677
-0.129176
-0.140692
-0.149834
-0.160720
-0.174515
-0.191855
-0.204240
-0.212715
-0.220786
-0.226789
-0.232862
-0.238702
-0.244860
-0.253932
-0.262498
-0.267378
-0.269244
-0.271755
-0.272695
-0.270206
-0.262158
-0.247676
-0.228287
-0.203238
-0.174500
-0.144761
-0.112856
-0.079626
-0.042242
0.001486
0.049828
0.106959
0.168890
0.234209
0.300779
0.370924
0.445775
0.499929
0.515440
0.531709
0.551296
0.564757
0.549761
0.517734
0.493252
0.459612
0.409647
0.360634
0.304729
0.249566
0.203015
0.165007
0.131315
0.090663
0.035480
-0.022898
-0.075121
-0.124176
-0.166871
-0.202448
-0.231782
-0.250329
-0.261057
-0.268766
-0.266789
-0.256126
-0.236983
-0.213539
-0.188387
-0.156132
-0.113962
-0.063047
-0.010786
0.045704
0.099029
0.120193
0.104971
0.098110
0.096703
0.100982
0.114082
0.124774
0.104058
0.077004
0.055340
0.042709
0.037994
0.028225
0.019356
0.021533
0.027195
0.034283
0.045455
0.064101
0.087774
0.114191
0.139776
0.163770
0.183192
0.205225
0.230836
0.256733
0.237969
0.186968
0.143512
0.104247
0.065744
0.026159
-0.005113
-0.032285
-0.048917
-0.056511
-0.059861
-0.056558
-0.047193
-0.036163
-0.018374
-0.000526
-0.017421
-0.038196
-0.053824
-0.066804
-0.078466
-0.090872
-0.100712
-0.109498
-0.115790
-0.124273
-0.136247
-0.147466
-0.159976
-0.173477
-0.184099
-0.190725
-0.191591
-0.191585
-0.185515
-0.175574
-0.165470
-0.152109
-0.136037
-0.115924
-0.094493
-0.070270
-0.045592
-0.021630
0.000637
0.024317
0.041032
0.061784
0.082063
0.081524
0.076670
0.071238
0.065805
0.060813
0.051287
0.043334
0.041297
0.041787
0.040992
0.038118
0.034218
0.030655
0.026608
0.024335
0.023850
0.023881
0.026164
0.023199
0.017942
0.014493
0.016116
0.018228
0.023305
0.030712
0.037164
0.033472
0.022158
0.011398
-0.001274
-0.011538
-0.024286
-0.035915
-0.050133
-0.065063
-0.074125
-0.085780
-0.100271
-0.111971
-0.122560
-0.132370
-0.140816
-0.150587
-0.156145
-0.160364
-0.164597
-0.167490
-0.171520
-0.172074
-0.177235
-0.179618
-0.177305
-0.172915
-0.163814
-0.155215
-0.145163
-0.130667
-0.115169
-0.095798
-0.073284
-0.050181
-0.026612
-0.000694
0.025012
0.052388
0.083038
0.121699
0.161346
0.190364
0.210669
0.238598
0.271682
0.309347
0.347068
0.374432
0.380172
0.378859
0.373545
0.362781
0.356712
0.351343
0.349199
0.344107
0.304626
0.246409
0.192189
0.144504
0.100098
0.058308
0.018032
-0.017739
-0.050542
-0.081491
-0.108948
-0.133498
-0.155104
-0.174930
-0.195233
-0.213690
-0.232265
-0.248038
-0.256735
-0.264173
-0.269264
-0.271730
-0.272771
-0.272706
-0.272170
-0.268911
-0.262619
-0.254305
-0.244874
-0.231660
-0.217909
-0.206345
-0.194781
-0.178586
-0.162372
-0.140204
-0.111091
-0.073811
-0.030587
0.017749
0.067816
0.118150
0.164964
0.216009
0.258034
0.286281
0.324901
0.367604
0.405906
0.408377
0.377725
0.349241
0.321665
0.296917
0.278951
0.265231
0.253147
0.245674
0.244797
0.250331
0.229942
0.198540
0.168615
0.138008
0.106706
0.071487
0.039119
0.006743
-0.030209
-0.068696
-0.105352
-0.137994
-0.168586
-0.196373
-0.221274
-0.240323
-0.258338
-0.278000
-0.299180
-0.321876
-0.344267
-0.367024
-0.396793
-0.421002
-0.445021
-0.457871
-0.465990
-0.466945
-0.462874
-0.456389
-0.452507
-0.445826
-0.438524
-0.428836
-0.416945
-0.399220
-0.376510
-0.351099
-0.319858
-0.284971
-0.247143
-0.202434
-0.151216
-0.094262
-0.035365
0.025758
0.092661
0.164185
0.242239
0.321803
0.405523
0.486976
0.565898
0.647120
0.718656
0.769693
0.809751
0.788724
0.722327
0.666137
0.617083
0.575835
0.538465
0.495663
0.446506
0.396821
0.323151
0.251977
0.199719
0.153533
0.096705
0.043123
-0.003461
-0.048793
-0.097301
-0.128229
-0.142680
-0.134348
-0.104904
-0.079603
-0.085874
-0.098698
-0.099777
-0.099843
-0.114433
-0.118072
-0.123275
-0.132831
-0.133562
-0.129047
-0.141219
-0.161046
-0.169987
-0.172612
-0.157897
-0.127999
-0.088326
-0.041123
0.018374
0.070184
0.112748
0.156458
0.178748
0.198167
0.207618
0.215693
0.206967
0.172894
0.144540
0.117592
0.090768
0.066006
0.007208
-0.059574
-0.122259
-0.178870
-0.225860
-0.268584
-0.302416
-0.330011
-0.348519
-0.358500
-0.361727
-0.361215
-0.352624
-0.345244
-0.334363
-0.315379
-0.286838
-0.241915
-0.187776
-0.144868
-0.128253
-0.106406
-0.109892
-0.126732
-0.136196
-0.142676
-0.145745
-0.129183
-0.106298
-0.074412
-0.040473
-0.017569
0.016617
0.054757
0.097389
0.111854
0.123476
0.139745
0.158950
0.181259
0.205939
0.213084
0.217309
0.223799
0.217915
0.208235
0.202097
0.204862
0.216957
0.214418
0.201641
0.205980
0.217634
0.212477
0.191680
0.146692
0.078714
-0.011220
-0.093902
-0.164032
-0.212265
-0.240645
-0.254860
-0.253415
-0.247470
-0.225856
-0.201321
-0.161434
-0.123088
-0.085356
-0.036721
-0.000102
0.012224
0.017971
0.026854
0.010709
0.002702
0.016383
0.026015
0.024190
0.024807
0.033294
0.051244
0.086569
0.117165
0.120895
0.106192
0.095095
0.096609
0.099042
0.106387
0.121802
0.136982
0.135861
0.130844
0.139629
0.150482
0.164186
0.182814
0.188269
0.180567
0.185756
0.180138
0.162539
0.152270
0.136947
0.092776
0.015883
-0.047175
-0.101532
-0.144541
-0.181542
-0.212775
-0.238217
-0.240636
-0.236768
-0.217356
-0.181277
-0.141132
-0.087064
-0.016847
0.057666
0.135372
0.207105
0.250630
0.266750
0.251962
0.213509
0.145857
0.079519
0.004707
-0.057466
-0.103931
-0.139819
-0.167097
-0.186032
-0.219497
-0.250774
-0.291947
-0.335872
-0.363244
-0.375595
-0.381076
-0.371016
-0.350734
-0.318356
-0.298060
-0.265525
-0.223396
-0.182791
-0.171697
-0.169957
-0.196320
-0.237645
-0.278949
-0.313396
-0.338556
-0.354654
-0.351529
-0.348987
-0.340714
-0.316625
-0.275470
-0.219973
-0.152489
-0.101282
-0.064890
-0.011536
0.056889
0.131111
0.202524
0.285005
0.375300
0.474244
0.578863
0.686503
0.764178
0.821809
0.846371
0.845529
0.838128
0.825829
0.804948
0.757994
0.710657
0.662845
0.620308
0.580216
0.549582
0.502538
0.441576
0.384955
0.323865
0.268932
0.208819
0.159036
0.128434
0.117729
0.117796
0.094127
0.054596
0.019656
-0.031875
-0.072891
-0.100809
-0.132243
-0.159725
-0.184187
-0.189476
-0.188302
-0.185281
-0.182077
-0.200680
-0.227417
-0.252645
-0.279934
-0.299472
-0.313216
-0.320709
-0.325315
-0.330027
-0.328573
-0.319288
-0.308364
-0.290689
-0.273151
-0.250897
-0.235064
-0.221986
-0.209783
-0.197652
-0.187306
-0.176000
-0.166536
-0.157700
-0.151132
-0.144902
-0.141146
-0.136191
-0.131863
-0.125292
-0.121123
-0.117794
-0.116132
-0.108021
-0.096361
-0.088543
-0.076683
-0.062425
-0.054572
-0.043076
-0.024689
0.001379
0.027831
0.057958
0.087737
0.116237
0.148158
0.178569
0.208542
0.235327
0.256637
0.243953
0.213680
0.183194
0.152748
0.125498
0.098488
0.075361
0.060656
0.046270
0.030785
0.016002
0.001085
-0.014905
-0.027726
-0.038724
-0.050172
-0.060404
-0.068612
-0.074210
-0.074733
-0.073841
-0.071567
-0.073245
-0.075031
-0.080461
-0.083388
-0.089347
-0.089276
-0.086916
-0.087493
-0.094846
-0.095908
-0.093325
-0.092658
-0.093782
-0.094825
-0.099002
-0.101995
-0.105126
-0.105684
-0.100059
-0.087777
-0.072398
-0.056812
-0.039253
-0.022468
-0.006400
0.006880
0.019393
0.024739
0.032668
0.043110
0.051207
0.059086
0.063843
0.067102
0.076257
0.082132
0.082473
0.082327
0.080367
0.080570
0.085044
0.089599
0.091182
0.089387
0.086519
0.085892
0.085136
0.081411
0.079389
0.078573
0.074102
0.064731
0.058341
0.054036
0.050849
0.043731
0.036831
0.029807
0.022042
0.012018
0.004903
-0.000879
-0.010681
-0.020164
-0.027890
-0.035045
-0.043672
-0.050954
-0.053654
-0.055563
-0.056899
-0.058898
-0.063986
-0.066197
-0.065580
-0.064402
-0.066298
-0.066563
-0.065155
-0.061018
-0.058036
-0.054876
-0.054695
-0.053045
-0.047826
-0.047575
-0.044482
-0.041174
-0.036551
-0.029774
-0.022505
-0.011705
-0.001167
0.009547
0.018248
0.026975
0.030320
0.032789
0.035353
0.038936
0.037716
0.038102
0.035330
0.030153
0.024621
0.019282
0.015405
0.007260
0.000776
-0.007185
-0.017055
-0.024042
-0.025813
-0.024929
-0.021100
-0.017036
-0.013821
-0.013083
-0.013816
-0.012151
-0.006773
-0.004036
0.001461
0.013758
0.025902
0.030933
0.035260
0.042406
0.044521
0.047927
0.050495
0.054742
0.058217
0.061137
0.061182
0.063221
0.065049
0.063286
0.059631
0.058817
0.058341
0.054725
0.051601
0.049705
0.046921
0.044556
0.043804
0.041323
0.036205
0.025226
0.010219
-0.006162
-0.026157
-0.040081
-0.052927
-0.061439
-0.070872
-0.081379
-0.092300
-0.103773
-0.111882
-0.115687
-0.113646
-0.108427
-0.105126
-0.103288
-0.099839
-0.096568
-0.089470
-0.079382
-0.066396
-0.052861
-0.039054
-0.024263
-0.011524
-0.002164
0.003415
0.006245
0.010158
0.014975
0.024234
0.034117
0.041432
0.048189
0.056266
0.063305
0.066415
0.064926
0.070324
0.073670
0.072587
0.067833
0.060128
0.057106
0.057375
0.057904
0.059053
0.055081
0.049614
0.042586
0.031848
0.020444
0.007891
-0.002780
-0.007574
-0.009742
-0.012888
-0.019807
-0.025168
-0.026341
-0.027785
-0.028031
-0.024772
-0.019514
-0.012665
-0.012732
-0.016802
-0.021733
-0.022096
-0.022549
-0.021476
-0.020316
-0.017524
-0.015338
-0.015741
-0.015163
-0.022092
-0.029964
-0.037175
-0.043120
-0.044883
-0.047321
-0.052321
-0.054992
-0.059558
-0.062304
-0.063050
-0.060542
-0.056757
-0.052464
-0.044302
-0.035821
-0.024349
-0.011466
0.000518
0.012259
0.020769
0.028261
0.033585
0.037617
0.039200
0.043223
0.048193
0.054063
0.062155
0.064390
0.061636
0.062315
0.061797
0.061051
0.062677
0.065145
0.066890
0.072712
0.075309
0.068492
0.060532
0.055336
0.053648
0.048956
0.044134
0.043435
0.041272
0.041592
0.036207
0.031481
0.023265
0.012835
0.003081
-0.002311
-0.007837
-0.013527
-0.022663
-0.028129
-0.034274
-0.038578
-0.040292
-0.041406
-0.041684
-0.038394
-0.033744
-0.025179
-0.019825
-0.019955
-0.019149
-0.017104
-0.021350
-0.028791
-0.030991
-0.035044
-0.038761
-0.036621
-0.034325
-0.031098
-0.028034
-0.025173
-0.026131
-0.028796
-0.031778
-0.033829
-0.032653
-0.033816
-0.030570
-0.029839
-0.034023
-0.039018
-0.043308
-0.043299
-0.038443
-0.032631
-0.026865
-0.024192
-0.023393
-0.022120
-0.021051
-0.016433
-0.012165
-0.009478
-0.005675
0.001574
0.007204
0.010394
0.014688
0.017109
0.016236
0.015558
0.013385
0.010803
0.008410
0.007492
0.010425
0.017531
0.020153
0.021006
0.020941
0.020975
0.021163
0.025249
0.036287
0.045403
0.054938
0.063916
0.072303
0.082698
0.100438
0.099394
0.081988
0.066615
0.051328
0.037492
0.027113
0.025213
0.021373
0.016511
0.008405
-0.001987
-0.012506
-0.021352
-0.030637
-0.039201
-0.050257
-0.055560
-0.057004
-0.058221
-0.059522
-0.058027
-0.053638
-0.047714
-0.038401
-0.029030
-0.021025
-0.011809
-0.007133
-0.007181
-0.010335
-0.014450
-0.015238
-0.013098
-0.013492
-0.012798
-0.010873
-0.006718
-0.003974
-0.003109
-0.004387
-0.003264
-0.001846
0.001228
0.002945
0.002658
0.001171
0.000387
0.003921
0.011479
0.018153
0.021969
0.023454
0.024553
0.022090
0.016723
0.018196
0.020307
0.021336
0.022697
0.021870
0.020135
0.015795
0.012116
0.004907
-0.000910
-0.004687
-0.005065
-0.006053
-0.006693
-0.003219
0.001506
0.001045
0.001759
0.004002
0.003578
0.003095
0.001824
-0.003083
-0.011277
-0.017196
-0.022713
-0.024669
-0.025503
-0.023601
-0.024508
-0.026082
-0.027727
-0.028606
-0.030939
-0.027721
-0.025199
-0.024700
-0.025022
-0.025050
-0.023758
-0.022829
-0.022080
-0.020046
-0.017077
-0.014888
-0.015460
-0.013983
-0.011893
-0.011843
-0.011246
-0.006545
-0.004790
-0.002350
0.001185
0.002642
0.005104
0.007330
0.009535
0.014123
0.020770
0.026634
0.031134
0.034787
0.035331
0.035042
0.032964
0.028510
0.021488
0.018326
0.016592
0.016854
0.012413
0.010375
0.008891
0.008573
0.011087
0.014343
0.017934
0.020694
0.022776
0.026617
0.029494
0.028798
0.032058
0.034185
0.035901
0.035189
0.032082
0.029058
0.027271
0.028326
0.026353
0.021587
0.017191
0.014251
0.013009
0.011978
0.008682
0.003822
0.001774
0.000714
-0.001636
-0.002242
-0.000183
0.003050
0.006208
0.008712
0.008000
0.003177
-0.000489
-0.008155
-0.013013
-0.015756
-0.015052
-0.011748
-0.007683
-0.004462
-0.002598
0.003045
0.009902
0.017110
0.019568
0.019521
0.017845
0.012690
0.007005
0.001804
-0.007137
-0.014217
-0.020492
-0.024732
-0.029636
-0.036370
-0.041226
-0.044887
-0.042664
-0.037463
-0.035026
-0.032323
-0.023427
-0.017860
-0.014711
-0.011818
-0.008913
-0.005870
-0.005124
-0.002621
-0.000210
0.005426
0.010602
0.011544
0.015088
0.018471
0.019188
0.017416
0.015646
0.013416
0.007215
0.003461
-0.001229
-0.010081
-0.017585
-0.023757
-0.029775
-0.036223
-0.044665
-0.051757
-0.055501
-0.056001
-0.057275
-0.057062
-0.051538
-0.048912
-0.045185
-0.043888
-0.040526
-0.034227
-0.023337
-0.011934
0.002389
0.017629
0.034327
0.050095
0.061713
0.070234
0.079400
0.084476
0.089027
0.096423
0.101133
0.102206
0.095378
0.090827
0.083955
0.073582
0.064706
0.056942
0.052430
0.050301
0.045443
0.043000
0.042821
0.041382
0.037441
0.032157
0.026705
0.026412
0.026543
0.030804
0.031603
0.028319
0.022643
0.017545
0.010954
0.003667
-0.005233
-0.014882
-0.024258
-0.038148
-0.057133
-0.074392
-0.089147
-0.103261
-0.118662
-0.131631
-0.147786
-0.159439
-0.172068
-0.182712
-0.190071
-0.199582
-0.205496
-0.213976
-0.224121
-0.232458
-0.241746
-0.246756
-0.250637
-0.255012
-0.262272
-0.272112
-0.281868
-0.290822
-0.294927
-0.297678
-0.306985
-0.316794
-0.319993
-0.321356
-0.312178
-0.299214
-0.278519
-0.248932
-0.214729
-0.177704
-0.137263
-0.093261
-0.043320
0.013569
0.070543
0.121832
0.173348
0.227866
0.279233
0.334777
0.389584
0.442050
0.491467
0.533431
0.541800
0.538957
0.540647
0.541493
0.522041
0.482710
0.442150
0.401394
0.368493
0.346213
0.333811
0.321193
0.302318
0.278092
0.263775
0.237173
0.190035
0.160780
0.127706
0.091821
0.056470
0.024365
-0.020668
-0.078707
-0.123259
-0.164408
-0.206076
-0.227126
-0.235969
-0.248758
-0.254498
-0.243466
-0.229603
-0.227108
-0.237279
-0.231694
-0.231119
-0.223461
-0.227008
-0.225122
-0.199360
-0.177009
-0.132963
-0.088981
-0.030081
0.030673
0.078984
0.117828
0.171198
0.219291
0.241463
0.252679
0.235931
0.201689
0.171845
0.151532
0.140769
0.102528
0.053951
0.020990
0.006451
0.007984
0.010760
0.017199
0.014770
0.004644
-0.029419
-0.075478
-0.118759
-0.157877
-0.188586
-0.195467
-0.185384
-0.169651
-0.147330
-0.130399
-0.098250
-0.059295
-0.014461
0.019432
0.057655
0.101227
0.119525
0.128288
0.133009
0.133732
0.126070
0.113390
0.079150
0.054064
0.021595
-0.037839
-0.077270
-0.104567
-0.109302
-0.106245
-0.096076
-0.074409
-0.046141
-0.011700
0.019048
0.030815
0.027613
0.019678
0.018740
0.023857
0.013726
-0.009894
-0.014724
-0.007775
0.012994
0.036772
0.053741
0.070454
0.081538
0.081511
0.065406
0.040048
0.004501
-0.070421
-0.158119
-0.219767
-0.269350
-0.294427
-0.300930
-0.291421
-0.266546
-0.228297
-0.193676
-0.180505
-0.166994
-0.166766
-0.156049
-0.137892
-0.117636
-0.134204
-0.151559
-0.148228
-0.130010
-0.096617
-0.051597
-0.009516
0.040948
0.101230
0.163229
0.216021
0.254845
0.284394
0.304786
0.325000
0.315250
0.292382
0.277354
0.282394
0.298665
0.321158
0.338969
0.347757
0.356199
0.384178
0.398747
0.391683
0.376384
0.360563
0.354497
0.350718
0.325454
0.290885
0.259208
0.233087
0.197072
0.132467
0.061266
0.002508
-0.042913
-0.071252
-0.094576
-0.130704
-0.169091
-0.202324
-0.223858
-0.233034
-0.227387
-0.206462
-0.177941
-0.148120
-0.116298
-0.105726
-0.098096
-0.092968
-0.092015
-0.076889
-0.054110
-0.033870
-0.037674
-0.073348
-0.109189
-0.142961
-0.175033
-0.210410
-0.235611
-0.259353
-0.274468
-0.285425
-0.283801
-0.267030
-0.235912
-0.192721
-0.171367
-0.175971
-0.176168
-0.171521
-0.162473
-0.145375
-0.113203
-0.091204
-0.070444
-0.085331
-0.089137
-0.084255
-0.071270
-0.046241
-0.020588
-0.006522
0.013308
0.036241
0.057497
0.076441
0.101866
0.137174
0.178397
0.225989
0.278441
0.325556
0.352225
0.361608
0.349600
0.324167
0.304002
0.286218
0.272702
0.258865
0.236939
0.201901
0.157695
0.114236
0.064450
-0.030820
-0.120190
-0.198188
-0.265019
-0.325813
-0.378691
-0.424343
-0.456245
-0.470686
-0.475091
-0.474108
-0.476937
-0.487885
-0.515582
-0.528180
-0.527720
-0.511897
-0.473684
-0.420982
-0.362303
-0.292609
-0.214616
-0.130407
-0.037179
0.069674
0.176096
0.258265
0.321060
0.368833
0.391902
0.403781
0.425868
0.456980
0.476881
0.497654
0.481822
0.448919
0.409529
0.372116
0.341023
0.323156
0.316279
0.310840
0.308005
0.294081
0.288657
0.285598
0.276442
0.272773
0.275043
0.235345
0.191718
0.160262
0.132184
0.099751
0.056022
0.018431
-0.025224
-0.054517
-0.100403
-0.133726
-0.161960
-0.191165
-0.203215
-0.223279
-0.249456
-0.264554
-0.263123
-0.252954
-0.247341
-0.240685
-0.221586
-0.209960
-0.218786
-0.209438
-0.192344
-0.186570
-0.187810
-0.191364
-0.190477
-0.183559
-0.168136
-0.145404
-0.117408
-0.083543
-0.041004
0.009834
0.067255
0.127572
0.180470
0.206793
0.239052
0.231100
0.178970
0.131026
0.090039
0.056516
0.022070
-0.003242
-0.034633
-0.062511
-0.085186
-0.109726
-0.125415
-0.129816
-0.125864
-0.121737
-0.123726
-0.125781
-0.135119
-0.139933
-0.147677
-0.155414
-0.168071
-0.181203
-0.182998
-0.171587
-0.149674
-0.110181
-0.068349
-0.022792
0.025177
0.070368
0.111861
0.146660
0.190757
0.215800
0.212383
0.164553
0.124154
0.095674
0.080733
0.065740
0.033218
0.007536
-0.004356
-0.007808
-0.009100
0.003218
0.035745
0.070913
0.092727
0.090518
0.090095
0.102618
0.120299
0.101959
0.089579
0.088248
0.088285
0.097883
0.096583
0.086237
0.091134
0.105636
0.117322
0.112138
0.113875
0.125874
0.125716
0.087753
0.036368
-0.010233
-0.055097
-0.093348
-0.122795
-0.145648
-0.161029
-0.183157
-0.214982
-0.238728
-0.250301
-0.250138
-0.249711
-0.245439
-0.232468
-0.208435
-0.183348
-0.147987
-0.096555
-0.039387
0.028403
0.085543
0.149948
0.217344
0.263317
0.301311
0.346246
0.388043
0.418294
0.439268
0.452388
0.471191
0.486501
0.490942
0.490775
0.442745
0.381338
0.320393
0.261777
0.203420
0.144993
0.081864
0.027910
-0.018429
-0.050669
-0.077049
-0.101318
-0.129742
-0.166041
-0.205751
-0.247288
-0.293157
-0.332201
-0.381302
-0.428188
-0.470188
-0.508003
-0.536188
-0.551244
-0.565321
-0.567585
-0.569230
-0.563136
-0.548094
-0.525709
-0.503895
-0.473314
-0.435791
-0.398311
-0.354858
-0.305686
-0.248595
-0.190910
-0.133931
-0.076211
-0.021975
0.032756
0.082224
0.128510
0.175086
0.220212
0.273799
0.331832
0.384069
0.384744
0.353963
0.327496
0.300446
0.281809
0.281918
0.289920
0.298742
0.315125
0.337266
0.378447
0.421397
0.444863
0.440600
0.440780
0.420130
0.396010
0.350215
0.308975
0.237552
0.156325
0.080760
0.012745
-0.038900
-0.084790
-0.136901
-0.200016
-0.270917
-0.329680
-0.377514
-0.409860
-0.430159
-0.446760
-0.459608
-0.464138
-0.459637
-0.449283
-0.438992
-0.422963
-0.400381
-0.367067
-0.325361
-0.281681
-0.279295
-0.296521
-0.299670
-0.281371
-0.247542
-0.195183
-0.132254
-0.066292
0.012748
0.087267
0.137450
0.196136
0.243152
0.281878
0.308889
0.330453
0.310586
0.291929
0.264893
0.241875
0.223394
0.196190
0.186464
0.184447
0.172007
0.159832
0.149173
0.155292
0.174014
0.192244
0.206424
0.236555
0.277075
0.336002
0.403063
0.477561
0.544727
0.598097
0.609045
0.611718
0.596443
0.574643
0.556647
0.527207
0.479199
0.410740
0.332002
0.256333
0.181243
0.107001
0.038358
-0.024364
-0.080003
-0.132674
-0.182384
-0.223997
-0.261972
-0.293983
-0.324286
-0.353288
-0.371716
-0.385592
-0.393283
-0.397561
-0.401016
-0.403453
-0.406662
-0.409593
-0.408438
-0.404163
-0.393361
-0.376589
-0.355541
-0.327632
-0.304783
-0.279795
-0.252487
-0.221143
-0.184121
-0.151904
-0.122042
-0.091130
-0.061678
-0.032866
0.001339
0.039604
0.078423
0.108114
0.139877
0.175398
0.214021
0.255267
0.294930
0.328497
0.320003
0.272812
0.224945
0.177227
0.130788
0.086740
0.047840
0.015212
-0.015225
-0.045584
-0.074673
-0.099835
-0.122280
-0.144012
-0.161017
-0.171438
-0.175327
-0.176977
-0.178156
-0.178211
-0.174430
-0.164849
-0.150672
-0.134419
-0.116012
-0.093656
-0.069845
-0.042357
-0.013812
0.016177
0.046891
0.080706
0.119033
0.158402
0.194343
0.231067
0.265256
0.289575
0.278471
0.260180
0.233384
0.201282
0.172009
0.143343
0.115767
0.089457
0.064306
0.046068
0.029065
0.008325
-0.012497
-0.033114
-0.052422
-0.072147
-0.088631
-0.098952
-0.103429
-0.105045
-0.101115
-0.099818
-0.094315
-0.089198
-0.083598
-0.082106
-0.078765
-0.070015
-0.060808
-0.055702
-0.050057
-0.040064
-0.031223
-0.023268
-0.018589
-0.017308
-0.016572
-0.013167
-0.006532
-0.002866
0.002392
0.004047
0.005299
0.009075
0.017374
0.023527
0.028526
0.036015
0.043193
0.044635
0.046065
0.042348
0.035868
0.029115
0.025073
0.020209
0.012544
0.006766
-0.002447
-0.010291
-0.022290
-0.035243
-0.046180
-0.057070
-0.064196
-0.071018
-0.076483
-0.080991
-0.083423
-0.080618
-0.076648
-0.071456
-0.067893
-0.064659
-0.057276
-0.048049
-0.036981
-0.026670
-0.014451
-0.004833
0.004114
0.014688
0.022111
0.014746
0.004878
-0.001915
-0.011506
-0.022797
-0.032327
-0.043261
-0.058073
-0.076560
-0.095750
-0.117439
-0.140984
-0.167555
-0.192269
-0.213330
-0.236607
-0.259958
-0.280129
-0.295808
-0.314223
-0.326043
-0.336433
-0.340541
-0.347212
-0.351911
-0.356505
-0.357370
-0.355531
-0.349656
-0.333509
-0.306857
-0.276005
-0.240476
-0.196834
-0.145168
-0.085835
-0.017560
0.057507
0.138896
0.229120
0.327529
0.428111
0.527656
0.609171
0.670916
0.744241
0.819490
0.897094
0.979111
1.042199
0.991942
0.905120
0.826233
0.727788
0.623778
0.522712
0.414736
0.311355
0.210323
0.114869
0.030576
-0.049170
-0.116252
-0.173300
-0.217517
-0.248572
-0.263058
-0.270558
-0.265887
-0.274159
-0.276409
-0.264034
-0.249638
-0.231517
-0.215795
-0.201443
-0.176172
-0.139178
-0.098333
-0.055931
-0.043564
-0.045826
-0.053093
-0.081390
-0.095678
-0.101461
-0.111725
-0.134337
-0.151166
-0.152701
-0.157062
-0.162260
-0.162948
-0.166084
-0.186111
-0.194181
-0.198750
-0.208782
-0.230484
-0.251309
-0.265418
-0.267069
-0.257229
-0.237475
-0.209632
-0.170498
-0.129232
-0.078076
-0.019159
0.046020
0.111725
0.160469
0.194638
0.224765
0.263954
0.308070
0.339128
0.335270
0.329763
0.303192
0.269778
0.241900
0.216557
0.183005
0.124928
0.049417
-0.026523
-0.093326
-0.164863
-0.240260
-0.302407
-0.350010
-0.387114
-0.414670
-0.433962
-0.438677
-0.435142
-0.435360
-0.439086
-0.440788
-0.443950
-0.446504
-0.450397
-0.468656
-0.482794
-0.494647
-0.499669
-0.485780
-0.455327
-0.411412
-0.357271
-0.286242
-0.205749
-0.108546
-0.000752
0.110245
0.202228
0.287149
0.381706
0.464020
0.536641
0.619161
0.714831
0.818143
0.928411
1.033697
1.137509
1.250667
1.337369
1.367673
1.258945
1.156120
1.049711
0.945170
0.851595
0.750688
0.659391
0.583973
0.498323
0.404575
0.318478
0.235740
0.158712
0.073595
-0.009156
-0.086002
-0.151549
-0.210806
-0.262523
-0.315420
-0.361308
-0.400426
-0.431946
-0.457540
-0.475368
-0.489739
-0.498313
-0.499660
-0.497231
-0.492683
-0.484230
-0.471574
-0.454893
-0.438013
-0.416823
-0.396911
-0.377251
-0.356657
-0.334590
-0.311711
-0.287975
-0.262114
-0.232129
-0.202831
-0.177775
-0.150949
-0.122818
-0.098147
-0.077730
-0.065103
-0.053774
-0.043710
-0.031643
-0.017818
-0.007617
0.002612
0.012088
0.022989
0.028591
0.035098
0.040421
0.040735
0.038798
0.034163
0.030804
0.027817
0.026138
0.026521
0.027090
0.025020
0.015688
0.007756
0.001972
-0.004805
-0.014938
-0.020945
-0.020812
-0.020675
-0.016297
-0.013922
-0.012042
-0.012157
-0.012156
-0.010482
-0.010984
-0.014151
-0.014242
-0.017224
-0.016537
-0.014172
-0.007290
-0.002255
0.000762
0.004982
0.010379
0.014123
0.021324
0.026623
0.032407
0.041791
0.053022
0.068138
0.087360
0.110589
0.138314
0.170305
0.180018
0.169882
0.153546
0.131842
0.108331
0.085582
0.061059
0.032192
0.006744
-0.018568
-0.042755
-0.063194
-0.081489
-0.100206
-0.120364
-0.137181
-0.150226
-0.162380
-0.178562
-0.191370
-0.205339
-0.209160
-0.213883
-0.220634
-0.222666
-0.224787
-0.227042
-0.230895
-0.229269
-0.226370
-0.224893
-0.224339
-0.223638
-0.219097
-0.211257
-0.199606
-0.182188
-0.160292
-0.132197
-0.101561
-0.070138
-0.036622
-0.002510
0.034621
0.073385
0.113901
0.158411
0.205088
0.254561
0.300315
0.347363
0.401318
0.451035
0.505884
0.557508
0.608831
0.637740
0.641579
0.615645
0.551588
0.483892
0.407214
0.326148
0.246815
0.170963
0.102154
0.039884
-0.020246
-0.072911
-0.119243
-0.158669
-0.192307
-0.222676
-0.252072
-0.275511
-0.293129
-0.304628
-0.309185
-0.309026
-0.305434
-0.300925
-0.293976
-0.286132
-0.279548
-0.270068
-0.255640
-0.239057
-0.217652
-0.195351
-0.176311
-0.151843
-0.129327
-0.105883
-0.080964
-0.053972
-0.020180
0.021580
0.064512
0.105630
0.147412
0.187799
0.225227
0.262527
0.291118
0.305855
0.316976
0.323598
0.322207
0.308732
0.252878
0.187088
0.122890
0.062345
0.002940
-0.051004
-0.097910
-0.139648
-0.173842
-0.202221
-0.225321
-0.246838
-0.263266
-0.271450
-0.277275
-0.277780
-0.271393
-0.256513
-0.236341
-0.207097
-0.176232
-0.141833
-0.103178
-0.059300
-0.013995
0.028834
0.062666
0.097730
0.123268
0.146437
0.176111
0.210128
0.238999
0.261323
0.283105
0.306296
0.334532
0.357873
0.338352
0.306697
0.272593
0.234775
0.196857
0.159687
0.127187
0.099149
0.072709
0.046543
0.022882
-0.001107
-0.023911
-0.049196
-0.077374
-0.107376
-0.131700
-0.150654
-0.164675
-0.172977
-0.177758
-0.180166
-0.174553
-0.166444
-0.151516
-0.136864
-0.118684
-0.097652
-0.076179
-0.071737
-0.079086
-0.085388
-0.092512
-0.103936
-0.114974
-0.125474
-0.136338
-0.144057
-0.147435
-0.143223
-0.136381
-0.127565
-0.117098
-0.100205
-0.083757
-0.063423
-0.045771
-0.027323
-0.010040
0.006374
0.020112
0.030930
0.045111
0.058831
0.076691
0.100062
0.127135
0.158509
0.192775
0.224722
0.254887
0.280408
0.303943
0.320855
0.309752
0.286180
0.268160
0.237047
0.197724
0.159391
0.124381
0.094217
0.069069
0.044858
0.019256
-0.000624
-0.019025
-0.036504
-0.052504
-0.064820
-0.076223
-0.088515
-0.095777
-0.101326
-0.099068
-0.095351
-0.088339
-0.074857
-0.055549
-0.047950
-0.055026
-0.059266
-0.064810
-0.072576
-0.080688
-0.088056
-0.093241
-0.097346
-0.098990
-0.098026
-0.099738
-0.100761
-0.099699
-0.096944
-0.094284
-0.092534
-0.088648
-0.083475
-0.073782
-0.065626
-0.059867
-0.053585
-0.046940
-0.041151
-0.032005
-0.023241
-0.019895
-0.033939
-0.045855
-0.050460
-0.053250
-0.053557
-0.048226
-0.042235
-0.040317
-0.038159
-0.033730
-0.029935
-0.021247
-0.010633
-0.020224
-0.045367
-0.075095
-0.097110
-0.113449
-0.126046
-0.134841
-0.136244
-0.137425
-0.137734
-0.135829
-0.126911
-0.124112
-0.123663
-0.122860
-0.117147
-0.112325
-0.111515
-0.111499
-0.110305
-0.117978
-0.127374
-0.130299
-0.123209
-0.110219
-0.093884
-0.084848
-0.071578
-0.052838
-0.029224
-0.003679
0.023020
0.056509
0.102023
0.152336
0.208634
0.257950
0.260922
0.237749
0.226438
0.223597
0.237590
0.262372
0.278879
0.271178
0.260998
0.264380
0.257984
0.246946
0.243986
0.248093
0.259624
0.282144
0.321262
0.374704
0.433366
0.481509
0.484567
0.466057
0.437210
0.403707
0.365819
0.336037
0.304113
0.269784
0.236719
0.208298
0.176379
0.127465
0.070246
0.015410
-0.034974
-0.080881
-0.118998
-0.151117
-0.178294
-0.202067
-0.222879
-0.239880
-0.253893
-0.267204
-0.281604
-0.295363
-0.310291
-0.320195
-0.329234
-0.326945
-0.323672
-0.322315
-0.316777
-0.303910
-0.285614
-0.272496
-0.258317
-0.242630
-0.220135
-0.197413
-0.175894
-0.152863
-0.130414
-0.105006
-0.075365
-0.044340
-0.006793
0.034793
0.074912
0.105274
0.123135
0.128316
0.129359
0.127338
0.124809
0.118543
0.103845
0.071793
0.030138
-0.011697
-0.053732
-0.097512
-0.139784
-0.178642
-0.214981
-0.246492
-0.270896
-0.285012
-0.293177
-0.301461
-0.303756
-0.304976
-0.304359
-0.296483
-0.284028
-0.274670
-0.261854
-0.248859
-0.235177
-0.219184
-0.206739
-0.193383
-0.179738
-0.169433
-0.160830
-0.146443
-0.123197
-0.092580
-0.060924
-0.028040
0.013742
0.065538
0.123454
0.187579
0.254844
0.324353
0.391284
0.459016
0.519679
0.562695
0.589594
0.602037
0.612117
0.611386
0.595880
0.557563
0.494142
0.423493
0.358278
0.304269
0.259201
0.196611
0.128402
0.035460
-0.063086
-0.151025
-0.224236
-0.288770
-0.331044
-0.351976
-0.360761
-0.360336
-0.353343
-0.344100
-0.336527
-0.342519
-0.333024
-0.311586
-0.279207
-0.236988
-0.193449
-0.146550
-0.090329
-0.029841
0.024200
0.064508
0.105652
0.140078
0.170105
0.190463
0.200053
0.204658
0.220764
0.216048
0.206359
0.204999
0.208001
0.199975
0.197882
0.182825
0.170447
0.143598
0.102515
0.047114
-0.011570
-0.066495
-0.123471
-0.171980
-0.225781
-0.274331
-0.305074
-0.317987
-0.310628
-0.291381
-0.259366
-0.222485
-0.195420
-0.173519
-0.128518
-0.069160
0.004626
0.094339
0.199635
0.318239
0.430397
0.560620
0.673405
0.781422
0.854156
0.862415
0.836716
0.755430
0.675076
0.591813
0.508087
0.427535
0.353325
0.284407
0.220155
0.155686
0.087462
0.019158
-0.039988
-0.090683
-0.137303
-0.179805
-0.228535
-0.272323
-0.311246
-0.339622
-0.362841
-0.378553
-0.386920
-0.391882
-0.397041
-0.401611
-0.402847
-0.396673
-0.383402
-0.366250
-0.341743
-0.313736
-0.278697
-0.234176
-0.180428
-0.122652
-0.067059
-0.010415
0.039271
0.090613
0.113873
0.116222
0.118391
0.118694
0.121231
0.124346
0.126445
0.120429
0.101385
0.076464
0.042702
0.016233
-0.006747
-0.031191
-0.053483
-0.070202
-0.081266
-0.090388
-0.097541
-0.102809
-0.101648
-0.096556
-0.087986
-0.078547
-0.070945
-0.065089
-0.055934
-0.041889
-0.031424
-0.024988
-0.021279
-0.019048
-0.016017
-0.018313
-0.022163
-0.021496
-0.015904
-0.008581
-0.000247
0.003369
0.005429
0.007359
0.005774
0.002298
0.000084
-0.002419
-0.005927
-0.010026
-0.012935
-0.017593
-0.025155
-0.029554
-0.035470
-0.043602
-0.049465
-0.051716
-0.052568
-0.053938
-0.055599
-0.058049
-0.057872
-0.052968
-0.048669
-0.044191
-0.035021
-0.022546
-0.010082
-0.000448
0.011463
0.021755
0.027624
0.039424
0.054059
0.063695
0.070754
0.074174
0.079975
0.081758
0.077044
0.074178
0.069438
0.063913
0.055727
0.047688
0.039957
0.034740
0.030709
0.025290
0.017181
0.009609
0.002510
-0.004204
-0.010500
-0.015869
-0.020863
-0.026770
-0.028171
-0.024180
-0.018913
-0.016155
-0.015503
-0.014108
-0.014476
-0.014110
-0.013777
-0.013397
-0.010643
-0.009869
-0.007845
-0.005964
-0.000688
0.003208
0.002981
0.001265
0.003089
0.002717
0.001283
-0.000523
0.000875
0.004460
0.007554
0.008673
0.004150
0.001154
0.004307
0.005091
0.007655
0.007671
0.004728
-0.010276
-0.038515
-0.072211
-0.104988
-0.132507
-0.158150
-0.183345
-0.207901
-0.233928
-0.255589
-0.275957
-0.297637
-0.321069
-0.343695
-0.365980
-0.386584
-0.402952
-0.414637
-0.425563
-0.429421
-0.433414
-0.434350
-0.434262
-0.431769
-0.432832
-0.426218
-0.418856
-0.406198
-0.387373
-0.358615
-0.321678
-0.275526
-0.223663
-0.166185
-0.104002
-0.047401
-0.003271
0.035306
0.084529
0.144459
0.213874
0.296348
0.384383
0.466014
0.545934
0.627336
0.715054
0.820848
0.934533
1.046426
1.117804
1.086156
1.021589
0.961483
0.911027
0.862861
0.794243
0.748973
0.684904
0.621177
0.565654
0.512877
0.458416
0.407145
0.366126
0.336437
0.297490
0.250827
0.196583
0.156416
0.117625
0.079402
0.043715
-0.015174
-0.070931
-0.116986
-0.152982
-0.198801
-0.251457
-0.289485
-0.322037
-0.372764
-0.432637
-0.487357
-0.536189
-0.579512
-0.614364
-0.636568
-0.654374
-0.666826
-0.672671
-0.663900
-0.658518
-0.636374
-0.606408
-0.577211
-0.532573
-0.471254
-0.399697
-0.328764
-0.266676
-0.198122
-0.132242
-0.078028
-0.035601
-0.011414
0.018487
0.057654
0.068665
0.079904
0.102090
0.142609
0.181845
0.223265
0.241017
0.263005
0.287201
0.306894
0.339988
0.357038
0.344411
0.337247
0.313432
0.277228
0.246357
0.214060
0.185923
0.166733
0.112127
0.060177
0.026747
-0.000106
-0.027443
-0.048542
-0.064608
-0.066001
-0.088694
-0.114212
-0.140763
-0.159704
-0.167193
-0.178900
-0.189339
-0.194508
-0.190542
-0.178009
-0.148598
-0.108873
-0.071196
-0.035006
-0.016231
-0.015368
-0.022323
-0.026226
-0.016550
-0.010434
-0.003901
-0.017354
-0.035446
-0.068724
-0.094458
-0.111169
-0.107498
-0.105757
-0.094583
-0.088099
-0.082554
-0.060957
-0.035204
-0.021792
-0.009939
-0.014994
-0.024830
-0.032814
-0.033510
-0.018890
-0.005171
-0.000140
-0.005482
0.011025
0.035800
0.061023
0.071389
0.087271
0.073848
0.076148
0.085854
0.090443
0.106477
0.127326
0.142339
0.138857
0.138451
0.137540
0.130645
0.139249
0.165968
0.186014
0.194484
0.204832
0.194923
0.166311
0.149342
0.142372
0.154349
0.176777
0.202332
0.208175
0.195236
0.198329
0.202519
0.199366
0.194820
0.184560
0.168462
0.142730
0.119142
0.111844
0.114917
0.111584
0.114266
0.126516
0.151920
0.160993
0.153756
0.160728
0.154133
0.155956
0.157380
0.152131
0.135378
0.120426
0.113363
0.104254
0.067618
0.029989
-0.007696
-0.045568
-0.078061
-0.103893
-0.135427
-0.162194
-0.180412
-0.198040
-0.204913
-0.200180
-0.193779
-0.188031
-0.176377
-0.162415
-0.148969
-0.126741
-0.108747
-0.094915
-0.085291
-0.079885
-0.073236
-0.062876
-0.059237
-0.069625
-0.086935
-0.123828
-0.159396
-0.184532
-0.203685
-0.210786
-0.209736
-0.201392
-0.193760
-0.194720
-0.202938
-0.216193
-0.229243
-0.243209
-0.260375
-0.277011
-0.281879
-0.282945
-0.278003
-0.271009
-0.257393
-0.235477
-0.209615
-0.175705
-0.135439
-0.094514
-0.070187
-0.065170
-0.066128
-0.065814
-0.063362
-0.052186
-0.034587
-0.014893
0.012761
0.044665
0.080712
0.115481
0.147209
0.187314
0.227664
0.259805
0.289338
0.328410
0.367233
0.405795
0.444927
0.485646
0.529024
0.536929
0.535037
0.496403
0.412722
0.317333
0.226081
0.150682
0.089716
0.038105
-0.001820
-0.034610
-0.062854
-0.091445
-0.125598
-0.157390
-0.189522
-0.210298
-0.231909
-0.247003
-0.261721
-0.272821
-0.285305
-0.293466
-0.293959
-0.286732
-0.279323
-0.264086
-0.249943
-0.233937
-0.220746
-0.207463
-0.191512
-0.181202
-0.174867
-0.156327
-0.129097
-0.092394
-0.049226
-0.030074
-0.030329
-0.030791
-0.038683
-0.047927
-0.057776
-0.070931
-0.080685
-0.085508
-0.087071
-0.085836
-0.075847
-0.070325
-0.081011
-0.098093
-0.120019
-0.132174
-0.136602
-0.135420
-0.125895
-0.116600
-0.109155
-0.115782
-0.111926
-0.102963
-0.085131
-0.063234
-0.043786
-0.019768
0.010986
0.043022
0.086813
0.130122
0.184080
0.240776
0.294416
0.326307
0.340106
0.318536
0.284208
0.259686
0.247542
0.253520
0.253502
0.246288
0.204371
0.171111
0.127637
0.080602
0.043160
0.017165
-0.002464
-0.021336
-0.046169
-0.069513
-0.080235
-0.085673
-0.085613
-0.072240
-0.055109
-0.046443
-0.022055
0.006497
0.022202
0.024981
0.037045
0.059394
0.086114
0.122039
0.155666
0.171148
0.158320
0.139934
0.128319
0.130791
0.134680
0.142496
0.158973
0.185138
0.174683
0.160052
0.156543
0.160584
0.168311
0.180515
0.178833
0.186026
0.197517
0.191158
0.186964
0.186639
0.187364
0.189143
0.195931
0.177765
0.163473
0.151201
0.136165
0.118021
0.098889
0.086704
0.077967
0.037583
-0.036976
-0.106230
-0.171629
-0.231400
-0.290588
-0.340062
-0.377868
-0.401769
-0.417195
-0.421382
-0.413970
-0.395421
-0.379511
-0.365646
-0.353908
-0.337870
-0.315758
-0.291100
-0.267072
-0.254318
-0.240311
-0.224232
-0.200127
-0.176454
-0.159212
-0.144541
-0.122277
-0.110838
-0.105442
-0.107442
-0.124966
-0.149907
-0.157163
-0.158922
-0.153768
-0.153582
-0.155195
-0.175791
-0.194740
-0.207625
-0.204081
-0.189184
-0.160313
-0.132253
-0.099090
-0.060328
-0.018121
0.028432
0.082342
0.129854
0.171279
0.206341
0.229483
0.246506
0.239939
0.213136
0.188621
0.167941
0.180526
0.199242
0.198130
0.183349
0.165065
0.145197
0.134422
0.118435
0.118683
0.136393
0.177905
0.212091
0.232765
0.246195
0.259453
0.273025
0.284712
0.299384
0.307828
0.338504
0.335008
0.313124
0.297075
0.299441
0.304060
0.310780
0.312588
0.288824
0.244815
0.181665
0.138729
0.110358
0.094652
0.079088
0.073422
0.047582
0.006487
-0.042643
-0.078731
-0.113828
-0.144008
-0.169649
-0.176321
-0.163951
-0.136553
-0.096212
-0.050354
-0.038238
-0.029513
-0.029596
-0.052214
-0.084029
-0.138086
-0.176181
-0.208211
-0.221143
-0.232793
-0.242720
-0.243181
-0.249706
-0.249527
-0.242271
-0.232615
-0.208621
-0.171407
-0.122357
-0.068285
-0.024695
0.016824
0.040562
0.059331
0.083626
0.115656
0.127548
0.096200
0.063672
0.034863
0.021393
0.010864
-0.002010
-0.014710
-0.040360
-0.079078
-0.122748
-0.161651
-0.191011
-0.207949
-0.205420
-0.216080
-0.234597
-0.242166
-0.236179
-0.235733
-0.220714
-0.189709
-0.138199
-0.088312
-0.041156
-0.003924
0.010646
0.042290
0.066410
0.103131
0.140524
0.187642
0.231430
0.247900
0.223897
0.198346
0.167091
0.127043
0.093346
0.069736
0.052809
0.041977
0.051472
0.064967
0.084191
0.114061
0.125395
0.158080
0.166604
0.130870
0.110176
0.088016
0.075297
0.065219
0.068202
0.063448
0.072353
0.094399
0.104675
0.089253
0.070241
0.061328
0.057153
0.072894
0.067125
0.048956
0.050730
0.055136
0.074804
0.066289
0.071809
0.083827
0.071529
0.052222
0.028425
0.063998
0.127422
0.187843
0.269170
0.337533
0.423344
0.423221
0.414175
0.489657
0.522386
0.457500
0.401270
0.249668
0.066958
-0.107490
-0.208897
-0.250750
-0.248559
-0.170928
-0.070726
0.011176
0.011818
0.006896
0.005573
0.002702
-0.000355
-1.000000
-1.000000
-1.000000
-1.000000
