-1.000000
-1.000000
-1.000000
-1.000000
-0.012227
-0.008642
-0.005500
-0.002692
-0.001533
-0.003463
-0.006692
-0.012335
-0.018487
-0.021926
-0.020859
-0.016724
-0.015060
-0.013769
-0.009375
-0.007705
-0.005160
-0.006159
-0.009917
-0.017059
-0.020064
-0.023531
-0.028722
-0.030720
-0.027582
-0.024100
-0.016996
-0.007924
0.001242
0.007044
0.009827
0.013259
0.013312
0.011789
0.011858
0.010515
0.012858
0.014856
0.015308
0.014737
0.015300
0.014381
0.011166
0.005747
0.000630
-0.002722
-0.009063
-0.017802
-0.020733
-0.020680
-0.018768
-0.017086
-0.013635
-0.011008
-0.011294
-0.009699
-0.006639
-0.003603
-0.001946
-0.001744
0.001660
0.008663
0.010408
0.008288
0.004938
0.002032
0.004129
0.004241
0.000530
-0.004426
-0.003051
-0.005786
-0.008255
-0.008288
-0.006165
-0.003356
0.002509
0.009441
0.013085
0.014977
0.022583
0.026579
0.029098
0.030733
0.030759
0.029648
0.030838
0.034832
0.038748
0.041129
0.044244
0.044909
0.047240
0.046168
0.044530
0.037308
0.023697
0.011822
0.000845
-0.005411
-0.013137
-0.019742
-0.021007
-0.021693
-0.021201
-0.020876
-0.017677
-0.008962
-0.003309
0.001365
0.005923
0.009094
0.009214
0.009795
0.009681
0.009349
0.011221
0.012080
0.010277
0.009744
0.009174
0.010355
0.014169
0.019580
0.022585
0.023294
0.021893
0.019768
0.014521
0.010257
0.006715
0.003795
0.000452
0.000937
0.001373
0.005385
0.010354
0.011513
0.012763
0.011657
0.008848
0.005626
0.004454
0.000542
-0.003340
-0.005357
-0.009574
-0.008796
-0.005619
-0.005309
-0.008608
-0.009023
-0.008859
-0.010980
-0.016489
-0.023307
-0.028060
-0.032644
-0.032782
-0.036092
-0.037202
-0.037023
-0.036416
-0.032325
-0.028899
-0.028757
-0.029496
-0.029157
-0.029866
-0.027247
-0.026560
-0.026365
-0.023999
-0.023525
-0.023259
-0.024115
-0.020394
-0.017904
-0.015333
-0.013082
-0.009748
-0.007356
-0.009330
-0.008944
-0.006487
-0.006832
-0.004331
-0.000879
0.001125
0.004840
0.010816
0.018899
0.027310
0.031985
0.041535
0.049472
0.058469
0.070030
0.080022
0.084510
0.087043
0.085346
0.080029
0.071931
0.065769
0.058928
0.053618
0.048137
0.043002
0.036534
0.026356
0.017028
0.006553
-0.000062
-0.005865
-0.013091
-0.022947
-0.036546
-0.052057
-0.064371
-0.072419
-0.074764
-0.074687
-0.076340
-0.081404
-0.085936
-0.090714
-0.093213
-0.097118
-0.101903
-0.103523
-0.101501
-0.096326
-0.088381
-0.077174
-0.066496
-0.054508
-0.042413
-0.031929
-0.019723
-0.004207
0.010938
0.022553
0.032835
0.044166
0.052774
0.061855
0.070283
0.081198
0.094553
0.103926
0.111959
0.118286
0.121537
0.123043
0.124072
0.124103
0.124086
0.119968
0.112770
0.102787
0.088325
0.069620
0.053054
0.040211
0.022571
0.004176
-0.012530
-0.027515
-0.039988
-0.051901
-0.063848
-0.072974
-0.081594
-0.087609
-0.087293
-0.080819
-0.071567
-0.065312
-0.059903
-0.053797
-0.048247
-0.040848
-0.034997
-0.030030
-0.023427
-0.017412
-0.012321
-0.008071
-0.000033
0.009877
0.021870
0.030828
0.036728
0.039090
0.039091
0.035891
0.029289
0.023828
0.016315
0.009854
0.004779
0.002108
0.000665
-0.000910
0.000912
0.006760
0.009064
0.008394
0.006190
0.004582
0.004880
0.000068
-0.001587
-0.002041
-0.004721
-0.007056
-0.011841
-0.015222
-0.018717
-0.021658
-0.025501
-0.029306
-0.032727
-0.035456
-0.037235
-0.039278
-0.039054
-0.038620
-0.040553
-0.041716
-0.040980
-0.033457
-0.024723
-0.017919
-0.013518
-0.005203
0.000345
0.004214
0.006488
0.006899
0.009368
0.010583
0.008833
0.004209
0.002111
-0.000419
-0.002871
-0.005040
-0.003666
-0.000734
0.004104
0.008065
0.009291
0.013682
0.016709
0.022640
0.026525
0.030813
0.034969
0.039019
0.043386
0.048024
0.054205
0.059846
0.063700
0.065602
0.066552
0.069193
0.067322
0.064421
0.058703
0.049151
0.036996
0.023078
0.006198
-0.006679
-0.014461
-0.023122
-0.034382
-0.045687
-0.058042
-0.064899
-0.072556
-0.076430
-0.078367
-0.074567
-0.066568
-0.057014
-0.048963
-0.043005
-0.038333
-0.030778
-0.022730
-0.014638
-0.006017
-0.000402
0.003046
0.002668
0.006921
0.008910
0.010155
0.011813
0.013914
0.016340
0.019529
0.021819
0.021353
0.023510
0.023929
0.024250
0.025335
0.025251
0.025127
0.021639
0.023415
0.025779
0.028767
0.032597
0.034381
0.036224
0.038109
0.033879
0.027409
0.020103
0.010678
0.005687
-0.002441
-0.011113
-0.019310
-0.029205
-0.036925
-0.041931
-0.044766
-0.044241
-0.046023
-0.050377
-0.050073
-0.045910
-0.045019
-0.046786
-0.049090
-0.047250
-0.038995
-0.031681
-0.027253
-0.023341
-0.018854
-0.016213
-0.015053
-0.016708
-0.016316
-0.014497
-0.011816
-0.009934
-0.010072
-0.008134
-0.001804
0.000832
0.002087
0.005881
0.010487
0.016611
0.021189
0.023454
0.026789
0.030810
0.033962
0.039131
0.042528
0.047461
0.050602
0.054510
0.058276
0.059990
0.064664
0.066910
0.068207
0.066174
0.057917
0.047025
0.034100
0.020865
0.008573
-0.001768
-0.011344
-0.021758
-0.029312
-0.033494
-0.038956
-0.043823
-0.047553
-0.046140
-0.042619
-0.040661
-0.037665
-0.031294
-0.025491
-0.014907
-0.007111
0.001406
0.010063
0.017138
0.022341
0.024651
0.026995
0.031626
0.033477
0.034473
0.033450
0.033538
0.029644
0.021239
0.009214
-0.007056
-0.019462
-0.033785
-0.046486
-0.055925
-0.062765
-0.067937
-0.071689
-0.073292
-0.072244
-0.067808
-0.062441
-0.055621
-0.043626
-0.033385
-0.024893
-0.016637
-0.010191
-0.003541
0.004312
0.011503
0.017854
0.020144
0.021577
0.024531
0.027382
0.030755
0.032999
0.031848
0.028607
0.027165
0.027368
0.025850
0.025679
0.028676
0.031373
0.034424
0.034715
0.032088
0.029444
0.026112
0.027789
0.031425
0.034529
0.038321
0.041380
0.047189
0.049527
0.045703
0.040129
0.032674
0.030620
0.024813
0.013700
0.004192
-0.004917
-0.008757
-0.012637
-0.015164
-0.016137
-0.018878
-0.021311
-0.023347
-0.025816
-0.030227
-0.034726
-0.036170
-0.037064
-0.038240
-0.037116
-0.033156
-0.029111
-0.025742
-0.023118
-0.024322
-0.024149
-0.021684
-0.017919
-0.012447
-0.008637
-0.004271
0.000635
0.001272
0.004811
0.006495
0.008531
0.009326
0.007448
0.005143
0.001984
-0.001860
-0.004349
-0.004650
-0.003897
-0.005046
-0.004589
-0.003872
-0.009564
-0.011794
-0.012317
-0.012116
-0.014989
-0.018522
-0.020797
-0.023838
-0.025340
-0.024637
-0.023114
-0.021605
-0.017526
-0.013168
-0.005397
0.000842
0.008425
0.009837
0.008269
0.004747
0.001738
-0.001261
-0.000999
0.003072
0.005983
0.006496
0.006616
0.003696
0.001288
-0.000647
-0.001582
0.000742
0.003689
0.001726
-0.002357
-0.006362
-0.011836
-0.019255
-0.026206
-0.030286
-0.035293
-0.036609
-0.033322
-0.031314
-0.027554
-0.023764
-0.018183
-0.012045
-0.002728
0.004941
0.015203
0.024501
0.032137
0.037384
0.042631
0.047581
0.049158
0.053921
0.058567
0.063805
0.070818
0.076762
0.083371
0.082789
0.082863
0.083521
0.080358
0.073239
0.062611
0.050715
0.041542
0.034829
0.027415
0.021675
0.018551
0.017666
0.018252
0.019125
0.020185
0.020072
0.018487
0.017399
0.020555
0.021199
0.018966
0.014665
0.011470
0.003501
-0.006140
-0.015068
-0.022824
-0.025630
-0.029207
-0.032861
-0.039678
-0.044862
-0.049386
-0.051269
-0.051498
-0.055521
-0.061253
-0.064675
-0.068418
-0.070399
-0.067382
-0.065328
-0.064234
-0.064655
-0.063120
-0.061804
-0.057044
-0.050720
-0.046423
-0.042499
-0.039156
-0.036434
-0.036129
-0.036886
-0.037049
-0.033896
-0.027816
-0.022082
-0.019630
-0.016547
-0.012616
-0.011141
-0.009915
-0.004651
0.005179
0.017154
0.026122
0.033293
0.039262
0.040205
0.040850
0.039967
0.038326
0.032742
0.023762
0.019234
0.019527
0.016573
0.013280
0.011098
0.009321
0.009583
0.012632
0.017134
0.020714
0.024914
0.024235
0.022187
0.019320
0.016383
0.014077
0.009910
0.005014
0.006162
0.012103
0.016705
0.023551
0.028937
0.035182
0.037868
0.037752
0.036105
0.032217
0.028601
0.026334
0.025449
0.024147
0.022191
0.017507
0.007809
-0.001591
-0.009765
-0.014902
-0.018422
-0.018817
-0.018546
-0.019911
-0.020515
-0.021826
-0.026852
-0.033454
-0.039454
-0.046506
-0.052774
-0.056608
-0.056934
-0.057052
-0.057042
-0.054377
-0.052450
-0.048176
-0.042462
-0.038441
-0.036905
-0.034114
-0.029402
-0.024835
-0.017350
-0.011867
-0.000119
0.010361
0.017792
0.026653
0.030895
0.034687
0.039262
0.043613
0.046464
0.050056
0.053296
0.053200
0.052038
0.050324
0.047277
0.041936
0.038143
0.033217
0.026512
0.015937
0.004862
-0.004316
-0.011026
-0.017021
-0.022016
-0.027935
-0.035460
-0.041789
-0.048184
-0.052688
-0.056717
-0.061173
-0.062288
-0.062269
-0.056616
-0.048362
-0.040513
-0.033603
-0.025394
-0.018075
-0.012216
-0.001602
0.008715
0.022114
0.035645
0.045282
0.052483
0.059809
0.064978
0.068121
0.069355
0.073159
0.077501
0.084461
0.086603
0.085824
0.081529
0.076377
0.071487
0.065388
0.055520
0.046253
0.039712
0.035885
0.029953
0.026308
0.023941
0.026481
0.026390
0.023492
0.019149
0.012594
0.004407
-0.001340
-0.011071
-0.020018
-0.024947
-0.028549
-0.031761
-0.035203
-0.039985
-0.041830
-0.042171
-0.043959
-0.043282
-0.045931
-0.050474
-0.051750
-0.055352
-0.059489
-0.063535
-0.067189
-0.068730
-0.069896
-0.070967
-0.074724
-0.076264
-0.077420
-0.077735
-0.076613
-0.072800
-0.069948
-0.062903
-0.057230
-0.050822
-0.042521
-0.032402
-0.019364
-0.007772
0.000259
0.007713
0.016006
0.022156
0.028422
0.037642
0.050142
0.062038
0.073122
0.081517
0.083351
0.082169
0.077119
0.074658
0.073837
0.073114
0.073441
0.075236
0.076359
0.077477
0.078305
0.074673
0.069187
0.061567
0.053465
0.045811
0.037800
0.027684
0.016639
0.008805
-0.000098
-0.009456
-0.019252
-0.027141
-0.033153
-0.038876
-0.040118
-0.043027
-0.046150
-0.049433
-0.055597
-0.059841
-0.060256
-0.062533
-0.065094
-0.065168
-0.064428
-0.063843
-0.061209
-0.061735
-0.060814
-0.057576
-0.052175
-0.050442
-0.048562
-0.043221
-0.037503
-0.029907
-0.022234
-0.015297
-0.008585
-0.001418
0.008231
0.015548
0.022331
0.026528
0.029155
0.030970
0.031468
0.032279
0.033397
0.032189
0.032117
0.035781
0.037181
0.043488
0.050094
0.055327
0.058367
0.060431
0.061250
0.059236
0.056837
0.055449
0.054685
0.053844
0.049307
0.046953
0.046970
0.042298
0.037542
0.031557
0.023901
0.016673
0.009679
0.006187
-0.001406
-0.009322
-0.016252
-0.024403
-0.033924
-0.037104
-0.038335
-0.042062
-0.045196
-0.050762
-0.055926
-0.063410
-0.068856
-0.072067
-0.071613
-0.069076
-0.067351
-0.064309
-0.062490
-0.061475
-0.057580
-0.050887
-0.043794
-0.038583
-0.035870
-0.031336
-0.028295
-0.024949
-0.019660
-0.012369
-0.003013
0.007987
0.019779
0.031693
0.041313
0.047779
0.050985
0.052368
0.051224
0.045849
0.044231
0.040233
0.037905
0.031273
0.025115
0.020404
0.020018
0.022615
0.023101
0.020942
0.014349
0.007529
0.003063
-0.000535
-0.002760
-0.003219
-0.003195
-0.001389
-0.001918
-0.000958
0.001039
0.007098
0.007038
0.002267
-0.003195
-0.012980
-0.022510
-0.028728
-0.038951
-0.047978
-0.055852
-0.060993
-0.060818
-0.057098
-0.052101
-0.048950
-0.043512
-0.035507
-0.028994
-0.021413
-0.013064
-0.003945
0.005165
0.012135
0.020492
0.025514
0.030891
0.039705
0.045286
0.049322
0.055284
0.057396
0.059075
0.058532
0.055929
0.055456
0.052750
0.047979
0.046562
0.046520
0.048652
0.052025
0.055653
0.057724
0.057423
0.055966
0.056048
0.053965
0.050775
0.048587
0.044935
0.043748
0.041366
0.039087
0.034207
0.025613
0.013784
-0.003114
-0.022746
-0.041081
-0.055504
-0.068207
-0.076797
-0.081951
-0.086457
-0.094152
-0.097997
-0.097876
-0.094543
-0.087580
-0.076609
-0.067658
-0.059939
-0.048215
-0.034445
-0.024473
-0.018127
-0.011730
-0.005344
0.000985
0.007217
0.010801
0.010077
0.005896
0.009154
0.012773
0.018072
0.019826
0.023693
0.024489
0.024205
0.023295
0.023274
0.021383
0.024596
0.028105
0.033184
0.033950
0.036411
0.038116
0.036122
0.030966
0.026420
0.025652
0.023621
0.021543
0.014926
0.007501
0.000812
-0.005460
-0.011903
-0.016648
-0.021374
-0.024745
-0.030784
-0.036722
-0.039336
-0.037597
-0.033584
-0.025909
-0.021034
-0.016084
-0.013577
-0.011361
-0.008142
-0.003778
-0.000095
-0.000277
-0.000678
-0.003683
-0.004081
-0.004520
-0.004834
-0.001873
0.000239
0.003163
0.004927
0.006676
0.008899
0.010207
0.009081
0.008048
0.005025
0.003089
0.002214
0.003003
0.003811
0.004709
0.006242
0.007707
0.003345
-0.002443
-0.008627
-0.015680
-0.018845
-0.020474
-0.025546
-0.026655
-0.023953
-0.024018
-0.023088
-0.025438
-0.028837
-0.032033
-0.033849
-0.038822
-0.037429
-0.034397
-0.030900
-0.029294
-0.025854
-0.020515
-0.011702
-0.006114
-0.000937
0.000440
-0.002405
-0.004404
-0.007329
-0.010509
-0.009932
-0.005095
0.002497
0.009924
0.016932
0.026460
0.032171
0.035344
0.037590
0.034452
0.030667
0.028554
0.031703
0.036946
0.041708
0.051125
0.058665
0.061693
0.063159
0.064176
0.065552
0.064880
0.057092
0.050352
0.043036
0.036706
0.028198
0.025564
0.021774
0.014364
0.005822
-0.005436
-0.013051
-0.020963
-0.029092
-0.039325
-0.045655
-0.049777
-0.050458
-0.051117
-0.047819
-0.044598
-0.043103
-0.046965
-0.050813
-0.056231
-0.058298
-0.057741
-0.054466
-0.051487
-0.048583
-0.044284
-0.040542
-0.035568
-0.031552
-0.026090
-0.023228
-0.017698
-0.010394
-0.002703
0.000405
0.005143
0.010853
0.015483
0.020662
0.025060
0.026833
0.027295
0.030000
0.036482
0.040846
0.043741
0.047386
0.047903
0.053361
0.058973
0.059211
0.052895
0.044902
0.039240
0.031259
0.027708
0.020006
0.014145
0.009003
0.003007
-0.001564
-0.008938
-0.013920
-0.016503
-0.013889
-0.010771
-0.008709
-0.002144
0.005950
0.016707
0.029077
0.037041
0.042658
0.045991
0.047355
0.041863
0.034902
0.024188
0.014534
0.004946
-0.004670
-0.014563
-0.020178
-0.029888
-0.037307
-0.047905
-0.054218
-0.058521
-0.061887
-0.063479
-0.061548
-0.058649
-0.053281
-0.045106
-0.038192
-0.030923
-0.024921
-0.020116
-0.013453
-0.005885
0.001796
0.007809
0.013096
0.019719
0.026611
0.027502
0.028957
0.031023
0.032945
0.031910
0.025697
0.018001
0.009464
0.002202
-0.004150
-0.011553
-0.015999
-0.020357
-0.022416
-0.023312
-0.020413
-0.016407
-0.013938
-0.010680
-0.009775
-0.007843
-0.005375
-0.000885
0.002495
0.004895
0.005935
0.005426
0.007234
0.011234
0.018155
0.020761
0.022679
0.021922
0.017445
0.017080
0.016450
0.018605
0.025731
0.030366
0.031924
0.031353
0.025364
0.018085
0.012165
0.004937
0.003470
0.005008
0.007513
0.010090
0.005998
0.001107
-0.000231
-0.002658
-0.000803
-0.001283
-0.006318
-0.012136
-0.015607
-0.016356
-0.015150
-0.009512
-0.008897
-0.011306
-0.013754
-0.013751
-0.008958
-0.005342
-0.004349
-0.003292
-0.003132
0.001250
0.006350
0.010283
0.011731
0.006901
0.001095
-0.008127
-0.014791
-0.014810
-0.012603
-0.013256
-0.014743
-0.018701
-0.017255
-0.011234
-0.007784
-0.004006
-0.000491
-0.003641
-0.007423
-0.010062
-0.011787
-0.010152
-0.007807
-0.002173
0.006350
0.011721
0.016150
0.016438
0.014961
0.016585
0.015339
0.014984
0.018963
0.023315
0.022428
0.019822
0.017386
0.015581
0.015925
0.012804
0.006006
-0.001853
-0.005386
-0.000570
0.006582
0.014040
0.020182
0.022196
0.024460
0.028206
0.028997
0.029459
0.029453
0.028280
0.022541
0.017069
0.011230
0.005478
-0.000998
-0.011984
-0.022716
-0.032283
-0.039742
-0.042087
-0.042068
-0.040187
-0.041555
-0.045659
-0.049115
-0.048723
-0.050374
-0.052372
-0.052622
-0.051186
-0.046632
-0.040512
-0.035062
-0.032062
-0.027074
-0.018767
-0.008438
0.003579
0.015377
0.023456
0.025878
0.023677
0.019818
0.018616
0.016918
0.015464
0.017680
0.025105
0.033391
0.040454
0.043979
0.041658
0.036616
0.030504
0.021947
0.010679
0.000536
-0.008677
-0.013408
-0.017486
-0.024171
-0.029220
-0.031959
-0.031889
-0.031955
-0.033324
-0.035490
-0.035779
-0.034064
-0.027973
-0.019958
-0.012081
-0.006612
-0.004057
-0.004850
-0.001909
-0.000955
-0.001077
0.000830
0.000557
-0.000439
0.001725
0.000189
-0.002228
-0.003695
-0.004517
0.000411
0.006811
0.010703
0.015373
0.016552
0.014895
0.014786
0.016506
0.017664
0.018968
0.024522
0.034029
0.038626
0.042416
0.043682
0.042956
0.041866
0.036720
0.025687
0.013511
0.000608
-0.013408
-0.023283
-0.032234
-0.043927
-0.048872
-0.047879
-0.046691
-0.038853
-0.027551
-0.017222
-0.002166
0.013349
0.030213
0.043330
0.052614
0.062538
0.071042
0.076242
0.080335
0.079494
0.078557
0.076495
0.067774
0.062451
0.056955
0.050399
0.043696
0.034351
0.024718
0.015253
0.000614
-0.014298
-0.030866
-0.045155
-0.057961
-0.072271
-0.083635
-0.094979
-0.103349
-0.106905
-0.108232
-0.107733
-0.104661
-0.097803
-0.092878
-0.082779
-0.073429
-0.062108
-0.050576
-0.038283
-0.023237
-0.008330
0.005659
0.018673
0.027367
0.032472
0.038872
0.047904
0.057358
0.063706
0.064377
0.061803
0.060400
0.060171
0.059512
0.058475
0.057706
0.053288
0.045209
0.038317
0.031576
0.022901
0.012993
0.001033
-0.009022
-0.014384
-0.015379
-0.015117
-0.012528
-0.010966
-0.011892
-0.015698
-0.022980
-0.027074
-0.031414
-0.034902
-0.036812
-0.036526
-0.032876
-0.030699
-0.024910
-0.017178
-0.011663
-0.012741
-0.014622
-0.012908
-0.007358
-0.001271
0.003578
0.005737
0.007722
0.005786
-0.001328
-0.011333
-0.017484
-0.020264
-0.019391
-0.016527
-0.015797
-0.017204
-0.023697
-0.028818
-0.030486
-0.032693
-0.032172
-0.034240
-0.032766
-0.028924
-0.018831
-0.006736
0.001151
0.006150
0.010316
0.012740
0.015164
0.017076
0.022533
0.027987
0.031908
0.033841
0.032644
0.033491
0.035592
0.038849
0.040635
0.042960
0.046750
0.052945
0.058976
0.061558
0.060587
0.061635
0.063262
0.060515
0.057031
0.054708
0.053614
0.051693
0.047086
0.043778
0.041041
0.035453
0.027581
0.018136
0.008365
-0.000703
-0.011920
-0.022712
-0.033646
-0.046075
-0.056808
-0.067060
-0.075747
-0.082211
-0.087273
-0.089846
-0.091765
-0.092778
-0.092657
-0.088877
-0.081996
-0.074281
-0.068121
-0.068328
-0.068752
-0.064443
-0.058679
-0.053897
-0.049303
-0.046358
-0.042150
-0.033602
-0.021790
-0.011534
-0.000313
0.008607
0.015852
0.020645
0.025101
0.031372
0.036852
0.041820
0.044959
0.047013
0.050927
0.053369
0.053336
0.056027
0.059126
0.060879
0.065537
0.068982
0.073762
0.076416
0.076903
0.074436
0.067632
0.060977
0.051270
0.041569
0.031173
0.017727
0.005860
-0.006368
-0.017546
-0.025355
-0.033263
-0.038499
-0.035991
-0.026871
-0.019959
-0.010380
-0.002660
-0.002656
-0.001139
0.002622
0.007032
0.008637
0.006611
0.003298
0.003194
0.003735
0.001674
0.001528
0.002596
0.003908
0.002894
0.005313
0.006947
0.007321
0.006631
0.004133
0.002333
0.000676
-0.002066
-0.005288
-0.008583
-0.011046
-0.011263
-0.011801
-0.012271
-0.010619
-0.010651
-0.011379
-0.014320
-0.017546
-0.023507
-0.029815
-0.034792
-0.037429
-0.039668
-0.040760
-0.042866
-0.043734
-0.044829
-0.046103
-0.047500
-0.045648
-0.038832
-0.031729
-0.023106
-0.015694
-0.012708
-0.008344
-0.003906
-0.000295
0.002173
0.002314
0.007712
0.016644
0.024504
0.030828
0.034295
0.033441
0.031987
0.033577
0.035467
0.036663
0.037041
0.035541
0.037155
0.039855
0.040705
0.040056
0.039172
0.037505
0.032077
0.027979
0.024857
0.022862
0.023365
0.022767
0.022210
0.021809
0.021028
0.018114
0.012267
0.007390
-0.000771
-0.010152
-0.014248
-0.015332
-0.014350
-0.015928
-0.018501
-0.021294
-0.020927
-0.016656
-0.012922
-0.013859
-0.014642
-0.018835
-0.026285
-0.030449
-0.031068
-0.031346
-0.033976
-0.033359
-0.028700
-0.026295
-0.020732
-0.016903
-0.015945
-0.011696
-0.007493
-0.000546
0.008082
0.016036
0.025079
0.034181
0.040730
0.043040
0.041024
0.037120
0.031246
0.025038
0.016906
0.007488
0.001084
-0.002568
-0.004488
-0.009469
-0.011482
-0.015505
-0.019430
-0.022809
-0.022087
-0.026266
-0.032388
-0.036388
-0.037095
-0.034770
-0.029686
-0.026042
-0.021354
-0.016937
-0.008783
-0.003970
-0.002130
0.000835
0.003413
0.003145
0.003321
0.009156
0.014327
0.013064
0.012848
0.012335
0.009053
0.004506
0.000626
-0.003010
-0.005860
-0.007199
-0.009121
-0.013021
-0.016684
-0.020381
-0.025287
-0.028089
-0.029257
-0.028755
-0.026470
-0.028525
-0.032987
-0.037848
-0.041310
-0.046817
-0.048782
-0.050973
-0.047499
-0.047553
-0.048992
-0.048410
-0.052693
-0.055963
-0.058369
-0.062427
-0.067896
-0.066962
-0.061791
-0.050546
-0.038083
-0.022360
-0.002277
0.004344
-0.000870
-0.006763
-0.010327
-0.009314
-0.006962
0.003722
0.018452
0.033540
0.023288
0.001338
-0.012022
-0.025299
-0.030876
-0.030518
-0.025911
-0.021790
-0.006874
0.006888
0.023264
0.047234
0.080262
0.114745
0.154159
0.192652
0.233989
0.252725
0.253046
0.249101
0.240638
0.228302
0.216921
0.204953
0.190511
0.179526
0.166726
0.155097
0.130883
0.097614
0.059773
0.026247
-0.005712
-0.030055
-0.048801
-0.061366
-0.068867
-0.073234
-0.075099
-0.073684
-0.069349
-0.065331
-0.058566
-0.046826
-0.033856
-0.028835
-0.034442
-0.041097
-0.053936
-0.063034
-0.067254
-0.062480
-0.056970
-0.052467
-0.044860
-0.036323
-0.031116
-0.025189
-0.023809
-0.023012
-0.020619
-0.017742
-0.015651
-0.016753
-0.014440
-0.005291
0.001267
0.008441
0.014972
0.017241
0.017908
0.016622
0.010811
0.003000
-0.001807
-0.006224
-0.008982
-0.010688
-0.012652
-0.020636
-0.030248
-0.038172
-0.047188
-0.058393
-0.068039
-0.075294
-0.078943
-0.083566
-0.086071
-0.086035
-0.081261
-0.077492
-0.074507
-0.072687
-0.073252
-0.075072
-0.072978
-0.074016
-0.076043
-0.076382
-0.073122
-0.065512
-0.053678
-0.041287
-0.029837
-0.019449
-0.009836
-0.003892
0.002216
0.005509
0.008944
0.014004
0.016271
0.018595
0.020285
0.025425
0.033529
0.042112
0.054347
0.063204
0.070204
0.077650
0.084327
0.088445
0.091403
0.088407
0.079469
0.072266
0.064829
0.052140
0.039760
0.026577
0.012662
-0.002495
-0.013250
-0.018046
-0.022370
-0.022544
-0.020843
-0.018162
-0.011562
-0.007928
-0.003022
0.002882
0.005006
0.011859
0.021523
0.026977
0.035563
0.044560
0.051300
0.056760
0.062043
0.066058
0.069137
0.070398
0.076367
0.067676
0.041205
0.014164
-0.012663
-0.038347
-0.059127
-0.069992
-0.080335
-0.086770
-0.092302
-0.094574
-0.097441
-0.100470
-0.103506
-0.107396
-0.113180
-0.118032
-0.120232
-0.118131
-0.118707
-0.114748
-0.103856
-0.089611
-0.076626
-0.065443
-0.052311
-0.033538
-0.010988
0.014463
0.041217
0.069220
0.097182
0.126089
0.153186
0.175103
0.194686
0.215275
0.230748
0.242221
0.252969
0.267760
0.281663
0.257321
0.191883
0.133252
0.079615
0.025393
-0.030222
-0.081173
-0.120915
-0.155701
-0.198026
-0.239427
-0.275487
-0.307161
-0.348797
-0.385000
-0.411640
-0.431291
-0.442012
-0.448212
-0.449672
-0.443906
-0.425851
-0.401270
-0.367595
-0.326789
-0.285403
-0.238672
-0.188279
-0.134310
-0.074369
-0.006830
0.045842
0.084052
0.130151
0.180869
0.236228
0.295543
0.366645
0.446128
0.529315
0.605543
0.664737
0.680226
0.674025
0.656491
0.599675
0.537501
0.490123
0.453404
0.433371
0.403592
0.320525
0.238782
0.171891
0.093376
0.020736
-0.046499
-0.099387
-0.142946
-0.178011
-0.213970
-0.242873
-0.270600
-0.290586
-0.302333
-0.315255
-0.319286
-0.312531
-0.301585
-0.283990
-0.268156
-0.280208
-0.289602
-0.276657
-0.264816
-0.264442
-0.254969
-0.233972
-0.220421
-0.207140
-0.169584
-0.125350
-0.087837
-0.069417
-0.057552
-0.050977
-0.031738
0.001677
0.044667
0.089901
0.140043
0.192626
0.254794
0.320181
0.380674
0.444549
0.478366
0.471126
0.465815
0.454048
0.438689
0.410585
0.363933
0.301110
0.238984
0.180586
0.123932
0.065871
0.011945
-0.033626
-0.073052
-0.107455
-0.148305
-0.189848
-0.229514
-0.264204
-0.290399
-0.313659
-0.329835
-0.333322
-0.326228
-0.311283
-0.284466
-0.248423
-0.211833
-0.169929
-0.120275
-0.065190
-0.032087
-0.010363
0.015468
0.025848
0.031414
0.040403
0.048973
0.061851
0.083555
0.109728
0.139011
0.172425
0.207080
0.244802
0.280652
0.269066
0.238758
0.204565
0.169559
0.136199
0.104168
0.070762
0.039283
0.014119
-0.006614
-0.022021
-0.032810
-0.046690
-0.059661
-0.068719
-0.076001
-0.077753
-0.076522
-0.079087
-0.079623
-0.084299
-0.087231
-0.085213
-0.083460
-0.081175
-0.074245
-0.061690
-0.046145
-0.027343
-0.002822
0.013792
0.010618
-0.000294
-0.010198
-0.020397
-0.033670
-0.048665
-0.058478
-0.061840
-0.061230
-0.059798
-0.059251
-0.055408
-0.048163
-0.042331
-0.036473
-0.027679
-0.015067
-0.000845
0.012251
0.022828
0.034896
0.048394
0.056426
0.058466
0.055957
0.050662
0.044368
0.038591
0.034861
0.033319
0.032358
0.028635
0.023599
0.019233
0.015446
0.013480
0.008836
0.004995
-0.000685
-0.007494
-0.015156
-0.022397
-0.032000
-0.041272
-0.050048
-0.053539
-0.057017
-0.058250
-0.059846
-0.059289
-0.058728
-0.057094
-0.054862
-0.054437
-0.056236
-0.056011
-0.052641
-0.047770
-0.042968
-0.042489
-0.041797
-0.037053
-0.031652
-0.028699
-0.021027
-0.013086
-0.001818
0.009167
0.020933
0.034823
0.045702
0.054172
0.060673
0.063888
0.066015
0.067618
0.070414
0.071970
0.071398
0.072081
0.072063
0.072511
0.073361
0.072331
0.069066
0.064929
0.056780
0.045477
0.036017
0.027327
0.016416
0.004566
-0.008239
-0.018106
-0.022838
-0.024036
-0.023049
-0.023750
-0.028657
-0.032069
-0.031657
-0.032617
-0.037903
-0.045666
-0.056142
-0.062958
-0.069565
-0.077735
-0.084072
-0.087057
-0.089115
-0.089991
-0.090316
-0.088777
-0.087523
-0.083316
-0.077902
-0.075023
-0.071456
-0.069674
-0.066998
-0.064555
-0.061525
-0.058663
-0.058778
-0.059186
-0.059181
-0.057176
-0.055532
-0.054999
-0.051813
-0.051014
-0.052238
-0.053223
-0.051321
-0.050594
-0.055766
-0.059609
-0.059531
-0.058531
-0.054879
-0.051337
-0.043884
-0.033790
-0.017316
0.003472
0.027863
0.057905
0.088535
0.125458
0.166272
0.209868
0.252789
0.294110
0.339267
0.379677
0.401328
0.385480
0.365225
0.340338
0.309695
0.274727
0.237899
0.201500
0.167167
0.131812
0.098733
0.065333
0.031081
0.000392
-0.032592
-0.063231
-0.091595
-0.117363
-0.143389
-0.168288
-0.186279
-0.202512
-0.218235
-0.229177
-0.234760
-0.233999
-0.226075
-0.220205
-0.213682
-0.205098
-0.198549
-0.190100
-0.182038
-0.171556
-0.162447
-0.153748
-0.143386
-0.127557
-0.110501
-0.095636
-0.079190
-0.073921
-0.075627
-0.076554
-0.077019
-0.073940
-0.070026
-0.061675
-0.054460
-0.040194
-0.027253
-0.013311
0.000806
0.016093
0.037829
0.063856
0.090585
0.123611
0.156271
0.192151
0.229718
0.271186
0.318298
0.367108
0.396431
0.399396
0.378821
0.340863
0.296708
0.249226
0.196686
0.149991
0.101417
0.059619
0.026818
-0.002019
-0.028373
-0.049639
-0.065243
-0.081111
-0.098930
-0.114701
-0.130034
-0.140281
-0.150617
-0.156677
-0.157181
-0.155452
-0.154047
-0.147879
-0.143541
-0.138107
-0.130882
-0.126184
-0.119896
-0.118779
-0.118277
-0.117152
-0.113395
-0.106600
-0.094358
-0.080598
-0.062199
-0.045623
-0.027237
-0.008966
0.011530
0.034703
0.057023
0.079814
0.102287
0.124687
0.145422
0.167629
0.186900
0.199031
0.206451
0.214573
0.215667
0.176318
0.121893
0.076223
0.032210
-0.006233
-0.038709
-0.068998
-0.093795
-0.118598
-0.139903
-0.158308
-0.172736
-0.182901
-0.192632
-0.201136
-0.205588
-0.208697
-0.207064
-0.198181
-0.186972
-0.171989
-0.154157
-0.130770
-0.102721
-0.073812
-0.046812
-0.034316
-0.032464
-0.030767
-0.024872
-0.015415
-0.006030
0.005446
0.016363
0.033633
0.051284
0.072575
0.099952
0.131437
0.164403
0.198222
0.230814
0.266975
0.301123
0.335193
0.365158
0.360748
0.337584
0.324103
0.292618
0.242964
0.189552
0.142032
0.098256
0.063258
0.027862
-0.007657
-0.038488
-0.064314
-0.086890
-0.107686
-0.122383
-0.134227
-0.142364
-0.148366
-0.151868
-0.152341
-0.148235
-0.137264
-0.122401
-0.099091
-0.069703
-0.039838
-0.015952
0.001339
0.018559
0.037412
0.063671
0.090477
0.118458
0.148251
0.177355
0.188108
0.182650
0.152183
0.113675
0.079699
0.052714
0.029870
0.013682
0.000402
-0.011572
-0.022407
-0.025410
-0.026088
-0.027248
-0.029836
-0.033616
-0.038553
-0.043560
-0.052952
-0.060897
-0.066556
-0.073983
-0.084091
-0.096033
-0.107566
-0.120885
-0.130937
-0.137796
-0.147715
-0.159018
-0.170600
-0.182988
-0.196820
-0.214524
-0.231700
-0.246230
-0.261264
-0.277967
-0.293400
-0.303337
-0.310618
-0.317729
-0.322156
-0.323423
-0.317847
-0.313560
-0.309798
-0.300457
-0.287533
-0.268791
-0.247241
-0.223153
-0.194155
-0.159659
-0.122894
-0.076374
-0.022140
0.044094
0.109193
0.177898
0.252886
0.331978
0.415217
0.501097
0.578928
0.632462
0.665437
0.686223
0.695405
0.693402
0.673429
0.626885
0.564177
0.495329
0.423075
0.352793
0.294750
0.242967
0.190544
0.137127
0.087305
0.043276
0.001548
-0.039854
-0.080656
-0.117712
-0.148959
-0.171978
-0.183811
-0.183945
-0.176065
-0.156726
-0.126470
-0.084929
-0.044732
-0.036836
-0.058814
-0.079118
-0.090954
-0.099166
-0.108911
-0.114972
-0.110173
-0.102047
-0.089148
-0.070029
-0.072633
-0.095156
-0.136744
-0.168559
-0.199421
-0.229194
-0.258056
-0.280179
-0.296236
-0.307101
-0.308567
-0.312066
-0.317823
-0.317975
-0.316908
-0.308653
-0.300458
-0.288036
-0.262217
-0.225673
-0.177659
-0.121071
-0.060521
-0.028734
-0.020570
-0.000814
0.028318
0.068874
0.114336
0.161044
0.215391
0.249731
0.243971
0.230673
0.221010
0.199687
0.187955
0.190246
0.178400
0.141423
0.081817
0.024113
-0.024635
-0.057682
-0.073258
-0.069201
-0.051097
-0.028858
-0.011070
0.005121
0.012004
0.011833
0.021714
0.035123
0.052492
0.078958
0.110553
0.160977
0.223406
0.293629
0.376556
0.442693
0.501872
0.539437
0.536944
0.510214
0.462087
0.412020
0.353918
0.300508
0.255004
0.214635
0.177750
0.150617
0.123700
0.098282
0.073809
0.056046
0.043724
0.033483
0.029353
-0.000678
-0.048759
-0.089342
-0.130125
-0.176311
-0.226612
-0.268157
-0.305751
-0.339352
-0.374556
-0.408810
-0.442182
-0.470318
-0.492256
-0.506626
-0.512584
-0.518314
-0.519633
-0.520721
-0.514493
-0.503015
-0.487895
-0.469748
-0.443766
-0.417652
-0.385648
-0.349048
-0.303512
-0.247312
-0.187431
-0.123462
-0.057134
0.011239
0.080322
0.141957
0.197515
0.256210
0.315931
0.362347
0.397420
0.410615
0.415921
0.417972
0.405428
0.388437
0.375180
0.365651
0.359099
0.363049
0.374727
0.393798
0.428211
0.475689
0.523819
0.557058
0.496816
0.416456
0.348137
0.292131
0.242762
0.202887
0.168781
0.142674
0.114839
0.082293
0.043919
0.006737
-0.024795
-0.051927
-0.073374
-0.090417
-0.103405
-0.114826
-0.126997
-0.137763
-0.146075
-0.148985
-0.144954
-0.137630
-0.129863
-0.128292
-0.127715
-0.123081
-0.135942
-0.159889
-0.185370
-0.207696
-0.232349
-0.251629
-0.272958
-0.307056
-0.345685
-0.387227
-0.420393
-0.445706
-0.462687
-0.473848
-0.484681
-0.488170
-0.496173
-0.498482
-0.489252
-0.471679
-0.449778
-0.424537
-0.397682
-0.359506
-0.308223
-0.250536
-0.183212
-0.108575
-0.027594
0.045279
0.101731
0.162958
0.229973
0.298647
0.372652
0.449591
0.531476
0.609766
0.662830
0.714477
0.750395
0.763515
0.762494
0.758272
0.751697
0.745864
0.731914
0.691232
0.635426
0.592272
0.545581
0.491230
0.394917
0.291206
0.188654
0.096679
0.010088
-0.067622
-0.138663
-0.202027
-0.253414
-0.300039
-0.336602
-0.367437
-0.390789
-0.407820
-0.424571
-0.425915
-0.421173
-0.419526
-0.421902
-0.411682
-0.396378
-0.379901
-0.361639
-0.332804
-0.301617
-0.266958
-0.228977
-0.193894
-0.185925
-0.169851
-0.149792
-0.117265
-0.084768
-0.055176
-0.013238
0.040672
0.089291
0.109133
0.088807
0.060611
0.034408
0.010831
-0.006577
-0.022399
-0.037379
-0.060803
-0.096169
-0.137444
-0.169752
-0.189233
-0.196160
-0.211336
-0.240778
-0.265715
-0.283802
-0.290683
-0.289082
-0.279694
-0.259407
-0.252996
-0.257491
-0.256024
-0.246138
-0.221088
-0.180376
-0.124576
-0.056945
0.018917
0.097986
0.188115
0.268656
0.327059
0.385987
0.447721
0.495677
0.517584
0.547758
0.577102
0.588922
0.610007
0.639655
0.655916
0.639558
0.628949
0.618843
0.609598
0.595800
0.573130
0.522535
0.453957
0.374346
0.296311
0.216547
0.137371
0.060790
-0.011345
-0.081264
-0.146701
-0.202963
-0.253459
-0.296687
-0.336519
-0.367464
-0.389929
-0.411917
-0.426978
-0.435351
-0.435858
-0.429656
-0.419517
-0.404206
-0.388478
-0.371872
-0.353554
-0.331912
-0.302634
-0.271384
-0.235044
-0.193040
-0.147412
-0.097726
-0.044876
0.015535
0.079354
0.143122
0.168223
0.166758
0.167954
0.173305
0.179445
0.180079
0.174934
0.169234
0.163399
0.158051
0.152285
0.146136
0.145559
0.147813
0.155902
0.166267
0.156775
0.116151
0.073519
0.031973
-0.002424
-0.032613
-0.056743
-0.081448
-0.109044
-0.136232
-0.157343
-0.176897
-0.195317
-0.213212
-0.228245
-0.239392
-0.243497
-0.248281
-0.250057
-0.249856
-0.248429
-0.246117
-0.244920
-0.239541
-0.235133
-0.233534
-0.232094
-0.229422
-0.223683
-0.213144
-0.199788
-0.186860
-0.164286
-0.148942
-0.130383
-0.109628
-0.081660
-0.049658
-0.010831
0.036493
0.080308
0.107851
0.132662
0.158281
0.190439
0.226401
0.263775
0.303539
0.349673
0.403918
0.430790
0.440961
0.452090
0.465699
0.483233
0.513412
0.548836
0.579281
0.571581
0.538491
0.507202
0.458830
0.401320
0.333243
0.267204
0.204437
0.146643
0.095510
0.050277
0.013567
-0.030069
-0.082482
-0.130283
-0.168161
-0.197854
-0.223992
-0.246972
-0.264796
-0.276889
-0.286321
-0.290536
-0.287801
-0.282793
-0.274941
-0.266680
-0.262466
-0.261649
-0.257148
-0.248233
-0.241882
-0.236615
-0.233825
-0.229954
-0.222672
-0.213556
-0.204066
-0.191788
-0.176211
-0.158694
-0.141707
-0.123391
-0.102336
-0.076698
-0.049550
-0.018299
0.015248
0.047301
0.078382
0.105056
0.133658
0.161673
0.190802
0.221197
0.254110
0.289720
0.326969
0.340591
0.328466
0.312187
0.292039
0.262913
0.231588
0.200946
0.172086
0.145358
0.122146
0.098029
0.070762
0.045091
0.017984
-0.003343
-0.022923
-0.041132
-0.059198
-0.076121
-0.092872
-0.109242
-0.121624
-0.145238
-0.176198
-0.202025
-0.221731
-0.241173
-0.260368
-0.279333
-0.292218
-0.301182
-0.306395
-0.308542
-0.309509
-0.307211
-0.308121
-0.304518
-0.298958
-0.290611
-0.284037
-0.274708
-0.272100
-0.268958
-0.267111
-0.263610
-0.261905
-0.256973
-0.248827
-0.238735
-0.229496
-0.223849
-0.222798
-0.220589
-0.216156
-0.201328
-0.183811
-0.157717
-0.128160
-0.092749
-0.054831
-0.013846
0.034609
0.087708
0.141520
0.204347
0.272978
0.350113
0.434861
0.524889
0.619470
0.711951
0.796871
0.776582
0.710412
0.653175
0.599797
0.556021
0.510597
0.467617
0.429045
0.397291
0.364899
0.337031
0.321285
0.318941
0.272100
0.203203
0.126250
0.045649
-0.022220
-0.080939
-0.167555
-0.252088
-0.322068
-0.376767
-0.421038
-0.450062
-0.467421
-0.481682
-0.482603
-0.469832
-0.450139
-0.434198
-0.433955
-0.429887
-0.408509
-0.368406
-0.316596
-0.257886
-0.196755
-0.131652
-0.055255
0.027331
0.089047
0.119343
0.151453
0.179301
0.190335
0.183553
0.192669
0.204063
0.205480
0.215263
0.247259
0.284339
0.309503
0.333415
0.367932
0.413898
0.461054
0.493677
0.528226
0.542750
0.529817
0.496469
0.443198
0.395954
0.353842
0.318536
0.263777
0.206914
0.153226
0.090534
0.015742
-0.050199
-0.109948
-0.162586
-0.231344
-0.297468
-0.351708
-0.396760
-0.429205
-0.456794
-0.474558
-0.484735
-0.490510
-0.493484
-0.484665
-0.468669
-0.447208
-0.437437
-0.439888
-0.448119
-0.461177
-0.468875
-0.467878
-0.455827
-0.437432
-0.411444
-0.387545
-0.348091
-0.298306
-0.243186
-0.174409
-0.099267
-0.019785
0.064786
0.150713
0.231512
0.288172
0.343609
0.383153
0.421050
0.450162
0.476998
0.506953
0.540545
0.572534
0.595850
0.600564
0.596096
0.574495
0.528163
0.473035
0.415672
0.365610
0.316681
0.266176
0.210548
0.150814
0.095719
0.041811
-0.009043
-0.055316
-0.096377
-0.131660
-0.165002
-0.191151
-0.212424
-0.226418
-0.237156
-0.259217
-0.283159
-0.300551
-0.309432
-0.308841
-0.306032
-0.301799
-0.297729
-0.289332
-0.272907
-0.250955
-0.223042
-0.192939
-0.162369
-0.130276
-0.097599
-0.066417
-0.037231
-0.002285
0.032692
0.070963
0.110066
0.152164
0.193511
0.214763
0.217509
0.197995
0.173198
0.151980
0.135031
0.119723
0.103266
0.095584
0.092649
0.095115
0.103440
0.113148
0.111536
0.098971
0.089114
0.076482
0.062155
0.046664
0.030618
0.016648
0.001035
-0.013743
-0.025824
-0.035270
-0.043270
-0.051661
-0.057025
-0.058616
-0.060565
-0.062927
-0.066677
-0.070114
-0.072749
-0.073493
-0.073092
-0.071435
-0.066306
-0.058587
-0.049579
-0.041913
-0.036084
-0.033541
-0.030674
-0.028221
-0.027808
-0.026784
-0.027188
-0.029499
-0.036907
-0.049478
-0.063004
-0.081153
-0.098906
-0.119024
-0.133863
-0.145156
-0.154670
-0.163645
-0.175526
-0.187440
-0.199456
-0.212986
-0.223143
-0.229867
-0.231467
-0.234280
-0.236857
-0.236633
-0.233118
-0.225974
-0.219777
-0.212392
-0.204597
-0.190995
-0.174347
-0.155157
-0.132886
-0.110297
-0.083809
-0.050969
-0.010442
0.036786
0.091801
0.152292
0.214167
0.283183
0.353515
0.429880
0.493907
0.532854
0.537744
0.507229
0.476672
0.453188
0.436925
0.431841
0.425990
0.422301
0.417454
0.409795
0.403989
0.399339
0.383991
0.319206
0.242240
0.170622
0.104521
0.047238
-0.001661
-0.048330
-0.093370
-0.127903
-0.155791
-0.180262
-0.206171
-0.229608
-0.253991
-0.274394
-0.286982
-0.298890
-0.310949
-0.320568
-0.329374
-0.333755
-0.329209
-0.319741
-0.310219
-0.312402
-0.315987
-0.313308
-0.305577
-0.287876
-0.264321
-0.234488
-0.201222
-0.168245
-0.130420
-0.090252
-0.046853
-0.004200
0.025379
0.048937
0.079627
0.108002
0.140039
0.176693
0.210086
0.236453
0.256944
0.288151
0.319757
0.346621
0.373606
0.397676
0.416566
0.399541
0.369475
0.326604
0.274619
0.219502
0.169887
0.124657
0.083763
0.048468
0.013491
-0.015673
-0.042030
-0.061321
-0.080807
-0.099243
-0.116370
-0.130777
-0.137674
-0.139342
-0.140989
-0.138580
-0.136555
-0.133895
-0.130753
-0.131979
-0.130630
-0.127183
-0.119994
-0.110802
-0.103481
-0.094597
-0.083347
-0.065848
-0.046166
-0.029276
-0.020631
-0.011017
-0.002132
0.005016
0.013918
0.017562
0.023734
0.029573
0.042536
0.051856
0.060163
0.070853
0.078786
0.078764
0.074227
0.070564
0.067206
0.058630
0.045468
0.034794
0.018307
0.001061
-0.013458
-0.030810
-0.049286
-0.066928
-0.081840
-0.092268
-0.101735
-0.111286
-0.119934
-0.128965
-0.138463
-0.147611
-0.153252
-0.156192
-0.159843
-0.158169
-0.155745
-0.152495
-0.149163
-0.143631
-0.134238
-0.124722
-0.120042
-0.116516
-0.112236
-0.107176
-0.098008
-0.091614
-0.087306
-0.083027
-0.080051
-0.071818
-0.063757
-0.056258
-0.047483
-0.037411
-0.026488
-0.014300
0.002073
0.019451
0.031629
0.039231
0.050029
0.058901
0.067078
0.075925
0.086526
0.100982
0.116301
0.129446
0.139473
0.147083
0.150087
0.158931
0.175767
0.192283
0.215557
0.235565
0.202893
0.142295
0.083773
0.030624
-0.019944
-0.062305
-0.093781
-0.117446
-0.134841
-0.142502
-0.140767
-0.128244
-0.111471
-0.084060
-0.051993
-0.006942
0.043157
0.094462
0.146333
0.179354
0.183450
0.176965
0.172273
0.176804
0.189248
0.208745
0.231787
0.254699
0.281442
0.311929
0.338836
0.345424
0.339093
0.340759
0.333056
0.297308
0.250394
0.210227
0.165857
0.122928
0.081431
0.042699
0.006049
-0.020002
-0.042399
-0.066438
-0.092683
-0.114280
-0.130328
-0.148447
-0.167377
-0.181497
-0.189372
-0.193544
-0.197177
-0.198174
-0.201273
-0.210285
-0.214638
-0.213169
-0.206752
-0.200576
-0.196535
-0.188669
-0.175577
-0.165774
-0.160634
-0.155506
-0.149611
-0.143177
-0.132608
-0.120320
-0.101827
-0.080393
-0.057976
-0.032067
-0.011296
0.005155
0.019980
0.032407
0.040000
0.045784
0.043990
0.045523
0.041602
0.039823
0.040565
0.043714
0.044850
0.030077
0.013174
0.002246
-0.005298
-0.011729
-0.015579
-0.023733
-0.046788
-0.074481
-0.098456
-0.117624
-0.131147
-0.138833
-0.140932
-0.146593
-0.148967
-0.146119
-0.137793
-0.131638
-0.126288
-0.115267
-0.100925
-0.092842
-0.084721
-0.071347
-0.062263
-0.068071
-0.080841
-0.104116
-0.135241
-0.160612
-0.178524
-0.193026
-0.200542
-0.208194
-0.205100
-0.193611
-0.186404
-0.183480
-0.176494
-0.160761
-0.137350
-0.109883
-0.075754
-0.045993
-0.015868
0.017804
0.058044
0.113871
0.181143
0.256720
0.334066
0.412596
0.492608
0.576122
0.662788
0.710444
0.681876
0.643797
0.593812
0.548609
0.518958
0.494807
0.456027
0.367362
0.267680
0.170717
0.088728
0.017596
-0.038796
-0.084335
-0.125516
-0.155550
-0.177604
-0.195462
-0.214442
-0.224116
-0.223896
-0.240595
-0.285714
-0.338861
-0.372442
-0.399764
-0.411524
-0.416258
-0.408069
-0.384266
-0.347312
-0.303330
-0.251243
-0.222448
-0.203047
-0.169014
-0.123775
-0.093539
-0.065609
-0.045663
-0.045476
-0.038018
-0.015646
0.010746
0.041604
0.064090
0.071477
0.086718
0.109121
0.124196
0.148676
0.177689
0.209868
0.241475
0.279544
0.329344
0.378290
0.413836
0.430293
0.407196
0.375937
0.344986
0.295844
0.252482
0.212152
0.175676
0.137890
0.089615
0.042841
-0.001106
-0.022347
-0.025340
-0.017655
-0.032310
-0.057635
-0.083112
-0.083559
-0.084447
-0.086598
-0.089774
-0.109163
-0.130969
-0.142823
-0.142805
-0.150448
-0.169364
-0.187040
-0.196030
-0.212731
-0.250380
-0.281916
-0.304275
-0.318159
-0.317423
-0.304892
-0.286177
-0.258776
-0.231764
-0.198178
-0.148946
-0.090702
-0.019017
0.065149
0.144219
0.201727
0.239636
0.273851
0.303911
0.335249
0.344291
0.338880
0.345777
0.361323
0.373099
0.383942
0.404355
0.419422
0.413198
0.392680
0.333689
0.277469
0.242835
0.198955
0.125386
0.047843
-0.031096
-0.100618
-0.164564
-0.226469
-0.267242
-0.308404
-0.332814
-0.354816
-0.362642
-0.367148
-0.370246
-0.366314
-0.352098
-0.332622
-0.299597
-0.285163
-0.302206
-0.314907
-0.322131
-0.310420
-0.288363
-0.264450
-0.228560
-0.184974
-0.130682
-0.070241
-0.007835
0.031641
0.057086
0.074898
0.076570
0.068299
0.054148
0.033784
0.025991
0.035734
0.053665
0.049313
0.040914
0.059143
0.094522
0.136471
0.194703
0.254010
0.305444
0.323728
0.316125
0.307800
0.302847
0.309799
0.335698
0.372159
0.399742
0.382307
0.395063
0.367917
0.311450
0.263276
0.211479
0.172275
0.112583
0.040036
-0.026740
-0.084963
-0.142590
-0.198500
-0.244474
-0.281636
-0.300934
-0.309991
-0.327437
-0.357829
-0.379485
-0.379650
-0.365858
-0.339701
-0.298388
-0.248518
-0.182335
-0.108907
-0.029892
0.028136
0.077585
0.122405
0.142306
0.178889
0.212736
0.220122
0.226608
0.238905
0.252695
0.274123
0.287813
0.288425
0.291170
0.265480
0.237104
0.217580
0.213342
0.218272
0.234735
0.250896
0.227270
0.184233
0.124020
0.066194
0.014682
-0.027163
-0.050438
-0.083899
-0.133775
-0.182611
-0.238929
-0.284569
-0.326323
-0.356086
-0.386267
-0.420447
-0.450622
-0.473750
-0.489711
-0.494012
-0.488284
-0.466525
-0.434077
-0.391885
-0.345850
-0.297393
-0.247699
-0.192441
-0.130689
-0.086341
-0.049313
-0.042585
-0.025729
-0.004641
0.017440
0.045039
0.074598
0.106361
0.141307
0.163727
0.149973
0.119137
0.099931
0.095956
0.107890
0.123037
0.141680
0.169348
0.211464
0.255405
0.298668
0.339981
0.363432
0.388897
0.404693
0.433507
0.471377
0.483280
0.473702
0.446156
0.414767
0.370626
0.305678
0.245642
0.197107
0.150528
0.114160
0.082972
0.049005
0.019209
-0.006235
-0.033380
-0.047627
-0.048026
-0.051336
-0.098700
-0.181177
-0.260732
-0.334185
-0.398627
-0.461594
-0.511986
-0.555571
-0.591284
-0.612621
-0.615940
-0.605631
-0.588059
-0.556115
-0.521099
-0.480472
-0.430648
-0.381391
-0.333085
-0.315088
-0.315076
-0.310622
-0.302632
-0.283004
-0.253096
-0.210571
-0.165585
-0.115246
-0.061913
-0.005731
0.059870
0.126880
0.197207
0.274970
0.361118
0.445644
0.519731
0.573309
0.599650
0.614022
0.585040
0.545561
0.507907
0.487570
0.473986
0.447060
0.403423
0.371980
0.338674
0.300756
0.252744
0.206372
0.152945
0.100621
0.062765
0.024757
0.001615
-0.009149
-0.013674
-0.005235
0.004516
0.013313
0.037336
0.055546
0.023166
-0.020852
-0.054750
-0.076940
-0.098055
-0.111518
-0.117548
-0.117739
-0.115676
-0.106437
-0.089632
-0.067661
-0.061876
-0.070387
-0.085275
-0.126120
-0.157277
-0.179855
-0.186550
-0.179884
-0.169887
-0.154204
-0.157100
-0.164725
-0.164903
-0.166874
-0.155503
-0.130373
-0.096563
-0.051376
0.000161
0.053474
0.114134
0.177813
0.248153
0.309429
0.378133
0.422917
0.436067
0.467357
0.496475
0.502291
0.504159
0.487609
0.453060
0.399497
0.333578
0.282409
0.239339
0.189363
0.132305
0.075556
0.025749
-0.027515
-0.078891
-0.135150
-0.189144
-0.236706
-0.277837
-0.318502
-0.356683
-0.397381
-0.437514
-0.470943
-0.492892
-0.510692
-0.527008
-0.539029
-0.543860
-0.545780
-0.537190
-0.520108
-0.496687
-0.464611
-0.435103
-0.408325
-0.379251
-0.339058
-0.295154
-0.244416
-0.187091
-0.130019
-0.071542
-0.022361
0.020414
0.048318
0.075687
0.107987
0.146802
0.189925
0.240085
0.291426
0.303719
0.255259
0.211312
0.164624
0.128219
0.104887
0.095249
0.089431
0.089779
0.095764
0.104823
0.120878
0.135286
0.100483
0.050922
0.012969
-0.024838
-0.054001
-0.071906
-0.080496
-0.082557
-0.077727
-0.060107
-0.032602
-0.016740
-0.018644
-0.014970
0.002115
0.023946
0.044440
0.063976
0.077850
0.099235
0.121792
0.154513
0.194505
0.245684
0.286954
0.313106
0.325672
0.337061
0.352507
0.349482
0.329427
0.304630
0.262680
0.226165
0.194755
0.167085
0.139825
0.093321
0.017389
-0.064425
-0.152548
-0.246410
-0.321661
-0.381094
-0.428707
-0.459719
-0.482634
-0.497376
-0.506972
-0.510952
-0.515008
-0.511918
-0.502809
-0.482480
-0.449142
-0.411150
-0.363888
-0.301973
-0.235053
-0.175754
-0.134904
-0.104650
-0.071858
-0.072042
-0.072995
-0.067837
-0.066054
-0.058549
-0.040081
-0.013744
0.023483
0.059026
0.110867
0.180142
0.244833
0.291361
0.352043
0.406886
0.426326
0.428762
0.435819
0.451948
0.483941
0.536798
0.595743
0.660059
0.703059
0.695697
0.671072
0.609858
0.545585
0.488230
0.441032
0.397850
0.366406
0.341945
0.325463
0.309743
0.256064
0.194512
0.138202
0.078699
0.033234
-0.003772
-0.041056
-0.068509
-0.085634
-0.089002
-0.084386
-0.073741
-0.077833
-0.073845
-0.062780
-0.051631
-0.046538
-0.053988
-0.076218
-0.098045
-0.118696
-0.131483
-0.134615
-0.136256
-0.143849
-0.150523
-0.157211
-0.159484
-0.161879
-0.166672
-0.175716
-0.183259
-0.191184
-0.194089
-0.194531
-0.192124
-0.187204
-0.179249
-0.174150
-0.165950
-0.159961
-0.155336
-0.147450
-0.139313
-0.133367
-0.124042
-0.111783
-0.101041
-0.091305
-0.087060
-0.083760
-0.079938
-0.076285
-0.074346
-0.072959
-0.069548
-0.067360
-0.062386
-0.056656
-0.049871
-0.045534
-0.040079
-0.036938
-0.030862
-0.027905
-0.026656
-0.023636
-0.022775
-0.017915
-0.015878
-0.018975
-0.020666
-0.018920
-0.016802
-0.013716
-0.011582
-0.005474
-0.000993
-0.000593
-0.003958
-0.005096
-0.003201
-0.000897
0.002336
0.004985
0.005143
0.005493
0.008127
0.012351
0.015810
0.016413
0.018911
0.021622
0.023213
0.024163
0.023678
0.019030
0.017821
0.013314
0.008878
0.000841
-0.008735
-0.013525
-0.017254
-0.019230
-0.021505
-0.024793
-0.031579
-0.036683
-0.040106
-0.045410
-0.053143
-0.059253
-0.064122
-0.068060
-0.066287
-0.063441
-0.060098
-0.057993
-0.056705
-0.055417
-0.055532
-0.050760
-0.042841
-0.029113
-0.009442
0.010917
0.028833
0.044483
0.053762
0.063963
0.075438
0.091305
0.105883
0.115180
0.123382
0.127210
0.130379
0.126815
0.120676
0.116014
0.108835
0.104455
0.096603
0.087116
0.079350
0.073022
0.069890
0.063615
0.053051
0.044172
0.035518
0.031190
0.029187
0.027667
0.023125
0.015148
0.010230
0.006298
0.003173
0.000440
-0.003553
-0.009815
-0.014534
-0.019762
-0.026725
-0.036858
-0.046869
-0.058126
-0.068806
-0.075635
-0.080063
-0.084630
-0.087961
-0.090691
-0.090180
-0.086191
-0.080935
-0.077635
-0.077337
-0.077131
-0.074135
-0.066327
-0.057740
-0.049015
-0.039405
-0.029345
-0.021327
-0.011067
-0.000732
0.007258
0.008602
0.010334
0.007590
0.005399
0.004519
0.002424
0.001879
-0.000320
0.000296
0.003612
0.007458
0.010654
0.014922
0.021912
0.029113
0.033799
0.038621
0.040739
0.042004
0.040030
0.038136
0.036791
0.035752
0.039726
0.043187
0.044158
0.043860
0.043823
0.041766
0.035915
0.030805
0.024616
0.016259
0.009971
0.006479
0.006969
0.007084
0.005031
0.002235
-0.000855
-0.006818
-0.009368
-0.006913
-0.001096
0.002634
0.006085
0.011281
0.016512
0.018811
0.016592
0.008791
-0.003917
-0.018525
-0.034824
-0.051893
-0.070608
-0.093037
-0.111362
-0.129688
-0.142418
-0.150191
-0.152969
-0.156348
-0.157175
-0.157480
-0.155914
-0.155417
-0.152574
-0.152986
-0.148943
-0.143885
-0.134531
-0.123910
-0.112389
-0.099701
-0.089618
-0.076012
-0.067884
-0.060138
-0.053011
-0.043532
-0.031680
-0.016796
0.002225
0.026130
0.051022
0.077477
0.099716
0.111109
0.121867
0.135191
0.150766
0.169661
0.192743
0.215352
0.240551
0.269530
0.295976
0.316224
0.334069
0.351204
0.362741
0.340767
0.284001
0.214292
0.142532
0.067592
0.003508
-0.055061
-0.103950
-0.147055
-0.190205
-0.227264
-0.259663
-0.285594
-0.298687
-0.307201
-0.309071
-0.302947
-0.285946
-0.262041
-0.235456
-0.203722
-0.174632
-0.160712
-0.164246
-0.166030
-0.195574
-0.239656
-0.266397
-0.284604
-0.294642
-0.303583
-0.309281
-0.315208
-0.314750
-0.307205
-0.292138
-0.273539
-0.249716
-0.216737
-0.189566
-0.153908
-0.110587
-0.057464
0.001000
0.071950
0.152183
0.243127
0.343067
0.430411
0.495479
0.560903
0.621422
0.674776
0.724495
0.776520
0.813469
0.808353
0.770155
0.702389
0.616673
0.525199
0.432908
0.341866
0.249769
0.159238
0.088013
0.023019
-0.027530
-0.059069
-0.079794
-0.095279
-0.145909
-0.196527
-0.241175
-0.277758
-0.301784
-0.306229
-0.286550
-0.245153
-0.194551
-0.130973
-0.052948
0.016737
0.085800
0.147117
0.180876
0.210717
0.251459
0.297121
0.289507
0.263865
0.237620
0.218450
0.207515
0.205997
0.217330
0.236966
0.248454
0.237323
0.218542
0.191413
0.160963
0.124223
0.089544
0.057601
0.028080
-0.004357
-0.043974
-0.080012
-0.115923
-0.145966
-0.178478
-0.209778
-0.232262
-0.245985
-0.253146
-0.258059
-0.254051
-0.246741
-0.231841
-0.215309
-0.198740
-0.179593
-0.166521
-0.156525
-0.142595
-0.121725
-0.100533
-0.089199
-0.104755
-0.126019
-0.144615
-0.157901
-0.170718
-0.186883
-0.206582
-0.219096
-0.226816
-0.240112
-0.260649
-0.280128
-0.298630
-0.319605
-0.336548
-0.349046
-0.361947
-0.372816
-0.381172
-0.388607
-0.394761
-0.398175
-0.398810
-0.395607
-0.389714
-0.379245
-0.365267
-0.347776
-0.326524
-0.302582
-0.273339
-0.239041
-0.199141
-0.152657
-0.102026
-0.047004
0.012389
0.073195
0.117906
0.156307
0.202327
0.254318
0.314421
0.379993
0.448094
0.519076
0.591132
0.659146
0.723308
0.747497
0.741703
0.727790
0.711025
0.694277
0.683660
0.668632
0.598801
0.518009
0.449862
0.392131
0.346520
0.315699
0.288196
0.252989
0.195905
0.143154
0.102502
0.082366
0.077080
0.080412
0.095048
0.119529
0.161346
0.179559
0.144462
0.110570
0.080652
0.043013
-0.001258
-0.050094
-0.130983
-0.208287
-0.278312
-0.338479
-0.389798
-0.434845
-0.471021
-0.503459
-0.526332
-0.543938
-0.559375
-0.562727
-0.560587
-0.553134
-0.531995
-0.497647
-0.460564
-0.419281
-0.376013
-0.327696
-0.269723
-0.210051
-0.142253
-0.068852
0.007565
0.067976
0.095817
0.092820
0.098828
0.110833
0.131534
0.162298
0.194135
0.214000
0.185403
0.144861
0.114099
0.101024
0.095148
0.096725
0.104611
0.113830
0.127068
0.141003
0.148703
0.154214
0.162332
0.190633
0.221833
0.230138
0.188988
0.157256
0.136353
0.128473
0.120671
0.114100
0.114756
0.117229
0.122204
0.134590
0.145278
0.157820
0.135235
0.110288
0.097752
0.083997
0.060328
0.035205
0.016607
0.009018
0.008040
-0.008746
-0.023934
-0.006364
0.000817
0.006727
0.012634
0.002901
-0.032732
-0.064636
-0.086819
-0.099536
-0.123224
-0.150005
-0.162038
-0.176389
-0.198947
-0.220743
-0.237970
-0.252046
-0.264838
-0.282288
-0.295157
-0.305472
-0.314674
-0.320825
-0.319732
-0.314943
-0.315647
-0.327294
-0.341303
-0.352646
-0.350581
-0.343318
-0.330948
-0.312072
-0.290652
-0.271204
-0.240618
-0.207236
-0.172184
-0.124159
-0.067296
-0.001942
0.068025
0.118845
0.146087
0.164776
0.185662
0.208518
0.203281
0.181139
0.172178
0.172139
0.168129
0.177426
0.180082
0.178138
0.170854
0.167669
0.159103
0.141847
0.123280
0.075541
0.021672
-0.042668
-0.085745
-0.110849
-0.120251
-0.119668
-0.104866
-0.098732
-0.115119
-0.127125
-0.123686
-0.112907
-0.087779
-0.052124
-0.004863
0.046383
0.090993
0.146555
0.215494
0.302726
0.402886
0.496252
0.547489
0.576673
0.615971
0.647314
0.646097
0.633761
0.624831
0.617061
0.620734
0.630009
0.633763
0.615445
0.582056
0.528173
0.454994
0.376576
0.298947
0.230524
0.163229
0.101996
0.026293
-0.045288
-0.106179
-0.176444
-0.251379
-0.320686
-0.382859
-0.438989
-0.488080
-0.528735
-0.565054
-0.596316
-0.622378
-0.635954
-0.638131
-0.635831
-0.627797
-0.611296
-0.589737
-0.564566
-0.541276
-0.515170
-0.479398
-0.442656
-0.397282
-0.345761
-0.292049
-0.230500
-0.171475
-0.115506
-0.059435
0.000801
0.065814
0.131976
0.199906
0.246836
0.268778
0.289955
0.319196
0.329138
0.321273
0.319409
0.320851
0.329346
0.341697
0.358193
0.380902
0.411105
0.439330
0.468910
0.465845
0.419546
0.382000
0.350102
0.325887
0.290685
0.256417
0.230815
0.212662
0.202029
0.193528
0.165628
0.120854
0.079159
0.041041
0.004124
-0.027464
-0.056072
-0.079040
-0.099556
-0.120352
-0.138567
-0.152850
-0.162364
-0.170173
-0.178110
-0.185700
-0.191223
-0.200317
-0.209390
-0.217147
-0.220738
-0.222191
-0.221209
-0.219241
-0.212438
-0.203045
-0.190042
-0.179178
-0.171590
-0.165424
-0.159296
-0.149495
-0.141017
-0.130169
-0.117141
-0.098476
-0.080324
-0.063293
-0.048506
-0.036686
-0.031395
-0.026849
-0.021290
-0.012374
-0.001165
0.007845
0.015535
0.027095
0.040444
0.050621
0.055726
0.062676
0.067813
0.072162
0.072098
0.066486
0.061617
0.053868
0.048384
0.045427
0.045249
0.048662
0.048875
0.046359
0.043751
0.040148
0.029366
0.018395
0.004678
-0.010982
-0.025679
-0.039431
-0.050508
-0.061147
-0.073478
-0.081762
-0.090052
-0.099064
-0.105918
-0.108862
-0.106455
-0.104950
-0.098851
-0.092372
-0.083231
-0.077656
-0.071640
-0.066310
-0.059801
-0.052099
-0.045695
-0.035747
-0.021880
-0.009968
0.004075
0.022484
0.040228
0.050451
0.057868
0.067962
0.078868
0.086948
0.089826
0.091578
0.090786
0.088953
0.087967
0.082919
0.079161
0.075472
0.072838
0.070503
0.068837
0.067504
0.069759
0.074442
0.074326
0.069938
0.059145
0.046889
0.035417
0.023464
0.010364
-0.001818
-0.009567
-0.016675
-0.018406
-0.022706
-0.024329
-0.024080
-0.027656
-0.027275
-0.026227
-0.024401
-0.018392
-0.012665
-0.007295
-0.002720
0.001447
0.006129
0.007671
0.011894
0.013374
0.010961
0.010408
0.010139
0.006905
0.001350
-0.002028
-0.003683
-0.007969
-0.014784
-0.020450
-0.025011
-0.031740
-0.036948
-0.042121
-0.051347
-0.061648
-0.068067
-0.072363
-0.077823
-0.081672
-0.081200
-0.075252
-0.067475
-0.057150
-0.045532
-0.034174
-0.024509
-0.012908
-0.002570
0.008234
0.017430
0.028852
0.035433
0.040535
0.043378
0.048766
0.052572
0.054358
0.053537
0.053621
0.055850
0.058123
0.058756
0.058538
0.061371
0.065875
0.065800
0.066788
0.063627
0.059566
0.054503
0.045818
0.033128
0.019252
0.001526
-0.019341
-0.043394
-0.063870
-0.085690
-0.109438
-0.132451
-0.154217
-0.175818
-0.198419
-0.221941
-0.241354
-0.256797
-0.266333
-0.270956
-0.276246
-0.278722
-0.283595
-0.283142
-0.280146
-0.279490
-0.276904
-0.268097
-0.258069
-0.247077
-0.235267
-0.224936
-0.212627
-0.198900
-0.182078
-0.160259
-0.133409
-0.100575
-0.062161
-0.023153
0.017677
0.065555
0.115576
0.170052
0.228603
0.294982
0.358573
0.419887
0.468080
0.492096
0.513354
0.531480
0.539300
0.541655
0.547282
0.554340
0.554613
0.533338
0.485545
0.416732
0.356552
0.300232
0.249403
0.201199
0.161819
0.130424
0.106997
0.090925
0.080076
0.074903
0.053935
0.023348
-0.008605
-0.040433
-0.071461
-0.097907
-0.121425
-0.138627
-0.147525
-0.167306
-0.186966
-0.205456
-0.221443
-0.230068
-0.229317
-0.220256
-0.206262
-0.194225
-0.192857
-0.199005
-0.201995
-0.193981
-0.182879
-0.170414
-0.152945
-0.132280
-0.108255
-0.079169
-0.053362
-0.026828
0.003911
0.032624
0.048899
0.034852
0.019313
0.010477
0.000364
-0.013972
-0.027738
-0.032928
-0.034516
-0.029230
-0.016651
0.001454
0.019663
0.042646
0.067194
0.095123
0.101579
0.092887
0.085622
0.087601
0.097659
0.113373
0.133524
0.156051
0.179312
0.203608
0.197602
0.150223
0.099072
0.042682
-0.014159
-0.068966
-0.117382
-0.157703
-0.191752
-0.225970
-0.251197
-0.272213
-0.287426
-0.297748
-0.302385
-0.297471
-0.288168
-0.278304
-0.263831
-0.243094
-0.215923
-0.179938
-0.140229
-0.095475
-0.047684
-0.030262
-0.033214
-0.045518
-0.059853
-0.063824
-0.061358
-0.050671
-0.028289
-0.003154
0.031894
0.070683
0.113106
0.145696
0.156163
0.170101
0.183130
0.204821
0.236786
0.274723
0.312919
0.354379
0.401136
0.421175
0.422743
0.418867
0.403248
0.368069
0.312904
0.250001
0.181547
0.109718
0.043797
-0.017750
-0.073252
-0.127575
-0.174756
-0.217127
-0.256600
-0.284123
-0.301553
-0.313525
-0.319179
-0.309963
-0.295402
-0.266795
-0.225818
-0.176818
-0.127125
-0.071053
-0.039212
-0.032098
-0.022446
-0.017811
-0.008186
-0.011651
-0.016989
-0.019610
-0.009807
0.012967
0.043530
0.070959
0.108198
0.151810
0.205329
0.248669
0.280432
0.321515
0.366215
0.380712
0.353301
0.328469
0.318237
0.308287
0.259336
0.191189
0.131656
0.078098
0.017902
-0.036009
-0.084211
-0.119197
-0.145709
-0.166646
-0.182662
-0.195717
-0.208194
-0.216205
-0.220743
-0.214807
-0.210303
-0.222587
-0.235996
-0.235494
-0.233110
-0.221641
-0.211278
-0.198683
-0.184964
-0.168943
-0.144531
-0.114877
-0.073487
-0.027325
0.024596
0.087006
0.149050
0.204595
0.242788
0.249427
0.223831
0.200315
0.181383
0.170763
0.151349
0.118620
0.092579
0.076298
0.066708
0.055382
0.051574
0.044813
0.039271
0.026238
0.019849
0.017653
0.023339
0.025222
0.023045
0.021476
0.027787
0.050024
0.076519
0.089744
0.084237
0.084950
0.080152
0.061168
0.044093
0.024669
0.006188
-0.014442
-0.024844
-0.021027
-0.017945
-0.014278
-0.007519
-0.037797
-0.090082
-0.141407
-0.177765
-0.205283
-0.228786
-0.253762
-0.278637
-0.296746
-0.316275
-0.330837
-0.352621
-0.362883
-0.363934
-0.355403
-0.343547
-0.331224
-0.311615
-0.284735
-0.258895
-0.226326
-0.195673
-0.163470
-0.125264
-0.078822
-0.024180
0.027172
0.079551
0.137088
0.197645
0.266490
0.326840
0.381925
0.437756
0.476889
0.484794
0.430822
0.355627
0.285636
0.224308
0.180875
0.130872
0.083377
0.046937
0.029868
0.028219
0.026606
0.006786
-0.015820
-0.040099
-0.052108
-0.066228
-0.096113
-0.133908
-0.155397
-0.169776
-0.171568
-0.163848
-0.147453
-0.136515
-0.116295
-0.085863
-0.051105
-0.049379
-0.065814
-0.105162
-0.134248
-0.145026
-0.149815
-0.141991
-0.117634
-0.082724
-0.044285
-0.020241
0.013211
0.052943
0.103051
0.154744
0.212400
0.272676
0.326066
0.371243
0.381621
0.369732
0.343648
0.296217
0.249935
0.202687
0.133084
0.060966
0.006855
-0.042596
-0.092475
-0.136367
-0.176698
-0.201663
-0.219320
-0.228014
-0.231793
-0.226400
-0.217440
-0.198249
-0.168110
-0.126613
-0.069283
-0.004921
0.039899
0.065532
0.042862
0.009612
-0.013093
-0.033068
-0.044784
-0.055865
-0.072979
-0.082259
-0.084616
-0.080691
-0.057324
-0.021977
0.020160
0.084655
0.148696
0.192255
0.234010
0.264265
0.290016
0.326854
0.359401
0.360512
0.324159
0.292599
0.260763
0.240664
0.229590
0.228925
0.229961
0.232673
0.248273
0.271654
0.259509
0.236159
0.220484
0.221654
0.201467
0.179822
0.151431
0.105372
0.050921
-0.006662
-0.074267
-0.138919
-0.193511
-0.238118
-0.273430
-0.311429
-0.346702
-0.372914
-0.394576
-0.411469
-0.427378
-0.446731
-0.466857
-0.488359
-0.504971
-0.513858
-0.518506
-0.518072
-0.516942
-0.509660
-0.494197
-0.476464
-0.452048
-0.425063
-0.399072
-0.380942
-0.362798
-0.335840
-0.299361
-0.266698
-0.234391
-0.198271
-0.153894
-0.103438
-0.055694
-0.001824
0.062328
0.135851
0.214017
0.301864
0.394496
0.487181
0.582505
0.682387
0.786217
0.880560
0.952142
1.028035
1.101744
1.114328
1.033445
0.936413
0.829221
0.719102
0.611725
0.508963
0.410928
0.317936
0.232200
0.151390
0.077237
0.006692
-0.060108
-0.120838
-0.173004
-0.219827
-0.262194
-0.297452
-0.322263
-0.342819
-0.356770
-0.372762
-0.386164
-0.393222
-0.395624
-0.398305
-0.398713
-0.397785
-0.390065
-0.379552
-0.380409
-0.382962
-0.382143
-0.380669
-0.376990
-0.365247
-0.349474
-0.332787
-0.315788
-0.296004
-0.273179
-0.250180
-0.231755
-0.212793
-0.196596
-0.184446
-0.170026
-0.149910
-0.129572
-0.117742
-0.104956
-0.094363
-0.086561
-0.077672
-0.071736
-0.066170
-0.062212
-0.051047
-0.040909
-0.026030
-0.010672
-0.004410
0.004250
0.018297
0.037625
0.062121
0.092756
0.134565
0.188968
0.230932
0.251978
0.241602
0.231028
0.233594
0.248765
0.261934
0.290066
0.332550
0.378884
0.412057
0.440673
0.436522
0.419342
0.408027
0.402372
0.409734
0.425610
0.447813
0.472382
0.485533
0.487918
0.449151
0.386532
0.323578
0.262296
0.202374
0.149387
0.101635
0.054638
0.009712
-0.034833
-0.076750
-0.115551
-0.153834
-0.191795
-0.226947
-0.254369
-0.277329
-0.295360
-0.308249
-0.320141
-0.323619
-0.320436
-0.316330
-0.307966
-0.297817
-0.284041
-0.269680
-0.251865
-0.230162
-0.212074
-0.191809
-0.168835
-0.145240
-0.125084
-0.105812
-0.081960
-0.059298
-0.041578
-0.029191
-0.022101
-0.015919
-0.010725
-0.007419
-0.001568
0.002997
0.006276
0.011004
0.013783
0.015734
0.014398
0.007921
0.002298
0.002870
0.006110
0.008965
0.012041
0.016325
0.022481
0.028908
0.036122
0.043097
0.046122
0.047856
0.046605
0.044705
0.042303
0.040558
0.037471
0.030905
0.020065
0.011024
-0.000501
-0.013044
-0.024193
-0.032005
-0.038005
-0.040647
-0.043619
-0.044555
-0.044527
-0.050578
-0.055417
-0.064060
-0.071383
-0.076286
-0.082183
-0.085988
-0.085902
-0.084725
-0.081716
-0.076377
-0.071322
-0.065066
-0.057988
-0.055071
-0.055193
-0.053765
-0.055992
-0.060291
-0.059580
-0.057903
-0.058020
-0.063274
-0.064885
-0.071147
-0.082353
-0.100936
-0.113922
-0.122364
-0.125679
-0.125265
-0.123148
-0.115624
-0.106250
-0.094133
-0.084007
-0.071871
-0.063924
-0.054437
-0.043041
-0.034565
-0.025124
-0.027379
-0.040820
-0.052473
-0.062814
-0.069996
-0.072571
-0.079501
-0.085836
-0.088085
-0.087393
-0.082392
-0.070388
-0.052244
-0.030637
0.001644
0.039463
0.081036
0.139176
0.203910
0.280372
0.360461
0.445692
0.531580
0.569890
0.583912
0.587435
0.578137
0.541470
0.493187
0.438741
0.383167
0.334973
0.289073
0.239949
0.189811
0.142015
0.101576
0.068378
0.040258
0.012893
-0.006713
-0.027556
-0.050140
-0.069395
-0.084729
-0.095919
-0.101026
-0.111395
-0.120992
-0.126547
-0.120423
-0.112462
-0.101708
-0.086873
-0.070294
-0.042755
-0.048517
-0.085175
-0.118828
-0.153883
-0.186957
-0.219284
-0.250074
-0.277105
-0.300276
-0.318557
-0.329830
-0.327063
-0.317311
-0.295904
-0.265431
-0.228653
-0.201608
-0.174767
-0.140094
-0.105626
-0.080098
-0.054653
-0.029918
-0.004215
0.029590
0.067602
0.109677
0.151196
0.196315
0.233019
0.268246
0.286946
0.277698
0.250441
0.216504
0.175497
0.127662
0.084703
0.039807
-0.004034
-0.046057
-0.086412
-0.126404
-0.163114
-0.185644
-0.205686
-0.225566
-0.242912
-0.258400
-0.272920
-0.296551
-0.301092
-0.303485
-0.297331
-0.286717
-0.267755
-0.243341
-0.215090
-0.177775
-0.131163
-0.076379
-0.017885
0.048535
0.118583
0.194052
0.269698
0.305490
0.305473
0.320446
0.330332
0.330221
0.346333
0.353052
0.320114
0.296447
0.290799
0.272317
0.249474
0.238087
0.232077
0.190873
0.126161
0.070132
0.013166
-0.037297
-0.080446
-0.109946
-0.120663
-0.135799
-0.154779
-0.173200
-0.186169
-0.196276
-0.193585
-0.182524
-0.164051
-0.129973
-0.092889
-0.056448
-0.004692
0.047148
0.096039
0.148120
0.188780
0.200836
0.227623
0.267637
0.311922
0.346038
0.375925
0.381938
0.338865
0.262627
0.181833
0.113639
0.043335
-0.038152
-0.112302
-0.174043
-0.225587
-0.263446
-0.290195
-0.328227
-0.377154
-0.417616
-0.446227
-0.466896
-0.475159
-0.476715
-0.472268
-0.461455
-0.435946
-0.398161
-0.345631
-0.287210
-0.215542
-0.141216
-0.059337
0.027401
0.127002
0.211937
0.259279
0.285523
0.307638
0.326955
0.325333
0.330471
0.337900
0.348742
0.354499
0.327285
0.286748
0.247983
0.203742
0.167907
0.120589
0.082724
0.061580
0.050501
0.033854
0.022091
0.016097
0.020873
0.038207
0.064550
0.071649
0.083393
0.108923
0.121757
0.142285
0.139318
0.114484
0.095717
0.084404
0.088587
0.100170
0.098752
0.055058
0.001294
-0.043202
-0.077842
-0.117571
-0.162608
-0.200296
-0.220367
-0.239313
-0.245447
-0.240207
-0.226417
-0.207255
-0.185950
-0.159403
-0.124061
-0.078591
-0.022012
0.038851
0.099051
0.142583
0.186489
0.217113
0.232632
0.245339
0.261031
0.286970
0.311564
0.301447
0.270723
0.202018
0.119813
0.060889
0.012624
-0.054335
-0.110116
-0.148790
-0.182133
-0.198468
-0.202717
-0.219172
-0.255869
-0.282418
-0.303738
-0.314717
-0.311461
-0.297740
-0.284944
-0.275544
-0.249744
-0.215827
-0.175933
-0.146600
-0.125281
-0.094310
-0.071042
-0.041695
0.002275
0.024522
0.035028
0.048708
0.063730
0.082747
0.098463
0.121042
0.143389
0.163504
0.159561
0.134515
0.084908
0.046737
0.023711
0.004494
-0.011842
-0.037890
-0.062343
-0.089395
-0.108636
-0.113934
-0.109764
-0.105424
-0.088394
-0.060321
-0.028485
-0.023425
-0.011428
0.004159
0.022091
0.031896
0.038730
0.032178
0.034564
0.023647
0.004924
-0.002730
0.006554
0.031042
0.051490
0.048961
0.061157
0.078682
0.105473
0.113117
0.123664
0.140930
0.162556
0.174524
0.168960
0.148257
0.142509
0.151603
0.164349
0.165549
0.141897
0.126784
0.103181
0.079099
0.060533
0.049098
0.049932
0.065527
0.076386
0.083387
0.090301
0.098099
0.114897
0.091297
0.054680
0.033362
0.026996
0.030256
0.046217
0.077082
0.107787
0.155058
0.171713
0.155609
0.137416
0.086012
0.017598
-0.052219
-0.108464
-0.155938
-0.191046
-0.212248
-0.254851
-0.296370
-0.336623
-0.375848
-0.406412
-0.422510
-0.428898
-0.421251
-0.396350
-0.357787
-0.300111
-0.235611
-0.167550
-0.109939
-0.046160
0.027614
0.117247
0.207415
0.288111
0.351144
0.410334
0.459023
0.479795
0.490893
0.499408
0.511935
0.504779
0.475845
0.426050
0.366743
0.298654
0.222092
0.144132
0.068792
0.004002
-0.060178
-0.121713
-0.192037
-0.256135
-0.312982
-0.360649
-0.397859
-0.436449
-0.473439
-0.504480
-0.536951
-0.558562
-0.564923
-0.564458
-0.560449
-0.551232
-0.531943
-0.505925
-0.473105
-0.433223
-0.392507
-0.346279
-0.284967
-0.229178
-0.168596
-0.094530
-0.018279
0.062673
0.146921
0.231791
0.313502
0.380579
0.431822
0.452209
0.431640
0.426254
0.414730
0.403585
0.392149
0.386629
0.382785
0.363679
0.317551
0.248854
0.194476
0.135028
0.070774
0.019707
-0.016269
-0.041659
-0.055457
-0.049755
-0.035329
-0.033488
-0.075469
-0.112346
-0.129826
-0.131911
-0.125407
-0.109349
-0.102537
-0.089639
-0.072372
-0.048094
-0.021809
0.015925
0.061388
0.104551
0.151682
0.197723
0.215219
0.209899
0.184458
0.151064
0.109204
0.081074
0.065068
0.057023
0.070170
0.102624
0.140898
0.165128
0.190175
0.218805
0.233835
0.249884
0.278455
0.308972
0.305787
0.297669
0.249746
0.188626
0.142134
0.099949
0.069536
0.029585
-0.011893
-0.051571
-0.094961
-0.129587
-0.159833
-0.178835
-0.187835
-0.183166
-0.170764
-0.152733
-0.142634
-0.130508
-0.109476
-0.089413
-0.085330
-0.091456
-0.084006
-0.075358
-0.050661
-0.021607
-0.011266
-0.026521
-0.040358
-0.056682
-0.079989
-0.104317
-0.140106
-0.177567
-0.206170
-0.218101
-0.214369
-0.207033
-0.194200
-0.188057
-0.203494
-0.216882
-0.225800
-0.225819
-0.211811
-0.190046
-0.156342
-0.118346
-0.072665
-0.020434
0.032412
0.089703
0.150127
0.221076
0.246271
0.243069
0.241100
0.246592
0.254205
0.237785
0.207222
0.186370
0.165260
0.157594
0.159561
0.171280
0.157165
0.109231
0.036125
-0.038819
-0.111740
-0.181570
-0.241215
-0.280276
-0.316515
-0.350701
-0.382110
-0.402279
-0.411601
-0.405793
-0.394634
-0.380526
-0.364165
-0.346039
-0.316174
-0.277278
-0.243375
-0.222312
-0.191694
-0.149747
-0.096674
-0.031674
0.038356
0.112882
0.190176
0.268042
0.351279
0.406201
0.423070
0.400889
0.391614
0.364151
0.339756
0.319984
0.317803
0.318693
0.308254
0.293033
0.255118
0.217751
0.172167
0.121449
0.065309
0.014411
-0.020827
-0.043320
-0.050064
-0.043662
-0.030968
-0.039677
-0.083770
-0.116192
-0.143858
-0.169501
-0.186761
-0.187637
-0.170780
-0.143801
-0.108970
-0.065306
-0.006838
0.065513
0.146071
0.226196
0.289316
0.350584
0.411415
0.452202
0.459708
0.467076
0.473581
0.464322
0.413530
0.358221
0.294630
0.225001
0.146947
0.070764
0.002686
-0.047790
-0.099415
-0.154321
-0.204052
-0.246053
-0.280061
-0.317943
-0.352324
-0.386734
-0.402344
-0.406627
-0.408381
-0.395158
-0.378594
-0.359465
-0.339668
-0.324220
-0.304502
-0.279184
-0.248289
-0.221854
-0.208763
-0.198374
-0.184275
-0.164985
-0.137829
-0.100520
-0.051721
0.002235
0.056501
0.090835
0.098250
0.089953
0.081776
0.070727
0.063725
0.070545
0.082056
0.093090
0.112127
0.141567
0.182977
0.197960
0.204300
0.216176
0.221372
0.217449
0.186911
0.134455
0.089908
0.050616
0.016374
-0.010209
-0.027989
-0.037299
-0.034869
-0.024264
-0.014271
0.006950
0.040418
0.075625
0.112551
0.143963
0.150514
0.133691
0.087282
0.047844
-0.000124
-0.051392
-0.101556
-0.138452
-0.171297
-0.195345
-0.199569
-0.205135
-0.206727
-0.217953
-0.241589
-0.262184
-0.275014
-0.285387
-0.322025
-0.373688
-0.414872
-0.445942
-0.469294
-0.483321
-0.487859
-0.482696
-0.467394
-0.440940
-0.398826
-0.346360
-0.283486
-0.213584
-0.143774
-0.073519
0.003166
0.091302
0.193818
0.307990
0.425578
0.553166
0.669612
0.781132
0.882387
0.956158
0.989977
1.023663
1.055286
1.049145
1.013560
0.958417
0.875066
0.781098
0.677810
0.573315
0.461167
0.352481
0.244996
0.145717
0.053186
-0.026746
-0.096408
-0.165182
-0.231925
-0.295347
-0.353554
-0.404971
-0.448444
-0.484778
-0.519242
-0.547755
-0.569065
-0.586392
-0.593720
-0.588065
-0.577073
-0.563492
-0.541763
-0.512212
-0.471815
-0.428417
-0.381520
-0.327555
-0.272510
-0.222056
-0.178484
-0.130554
-0.072775
-0.005142
0.069981
0.134057
0.174416
0.219277
0.250689
0.260158
0.258283
0.249286
0.232735
0.219913
0.203202
0.185351
0.161534
0.127231
0.095052
0.060586
0.036656
0.023617
0.016019
0.014333
0.023142
0.043421
0.069596
0.076832
0.056611
0.011805
-0.018712
-0.038624
-0.052665
-0.073689
-0.100494
-0.138156
-0.177623
-0.222103
-0.260103
-0.290833
-0.325135
-0.356542
-0.382023
-0.397126
-0.404096
-0.399534
-0.383772
-0.356485
-0.325078
-0.293441
-0.262544
-0.228125
-0.181031
-0.124232
-0.059518
0.013511
0.091409
0.182715
0.276521
0.376883
0.485127
0.605483
0.723720
0.811826
0.855394
0.872373
0.894406
0.899863
0.879872
0.806500
0.716747
0.624727
0.533690
0.448508
0.377628
0.313774
0.253402
0.195364
0.140353
0.094277
0.055658
0.005390
-0.051161
-0.104629
-0.151818
-0.195861
-0.233106
-0.268406
-0.296243
-0.318212
-0.333579
-0.343737
-0.346508
-0.343414
-0.342013
-0.342501
-0.340578
-0.337959
-0.333874
-0.328350
-0.319922
-0.309399
-0.294950
-0.279594
-0.262937
-0.243031
-0.219378
-0.200800
-0.181589
-0.155985
-0.129084
-0.096760
-0.069345
-0.046805
-0.026823
-0.008724
0.005193
0.016874
0.020650
0.024077
0.027329
0.032516
0.032604
0.033634
0.038445
0.048113
0.059719
0.073534
0.089429
0.096326
0.089417
0.084156
0.079440
0.076084
0.074827
0.074701
0.073492
0.071231
0.070477
0.071037
0.068782
0.066287
0.065571
0.064646
0.061029
0.056180
0.047308
0.035617
0.028822
0.024232
0.017135
0.008203
-0.000437
-0.007387
-0.013778
-0.017368
-0.021622
-0.026374
-0.033332
-0.043610
-0.053913
-0.066683
-0.080625
-0.092599
-0.102692
-0.113181
-0.123671
-0.132237
-0.136509
-0.137777
-0.139813
-0.145778
-0.153666
-0.153786
-0.154939
-0.153493
-0.155253
-0.153970
-0.149464
-0.145182
-0.147589
-0.154117
-0.161016
-0.171186
-0.175852
-0.176715
-0.175918
-0.172815
-0.171704
-0.168683
-0.165900
-0.172822
-0.181923
-0.184173
-0.180110
-0.170157
-0.159493
-0.145310
-0.128090
-0.115466
-0.104330
-0.086434
-0.065793
-0.037223
-0.005470
0.025764
0.057713
0.089190
0.112207
0.116920
0.106863
0.088124
0.057464
0.029402
0.006505
-0.004676
-0.011070
-0.015864
-0.014727
-0.007730
0.004459
0.020055
0.044849
0.081819
0.117701
0.154676
0.194183
0.240871
0.295069
0.336753
0.335598
0.306207
0.286601
0.266788
0.248766
0.242434
0.240436
0.255390
0.272803
0.292653
0.309930
0.300350
0.280809
0.269878
0.276096
0.258108
0.219986
0.198365
0.191600
0.182807
0.154581
0.114632
0.089503
0.076095
0.071608
0.042360
-0.000462
-0.025608
-0.050203
-0.070348
-0.084560
-0.096909
-0.110086
-0.116986
-0.122512
-0.121576
-0.156218
-0.191613
-0.223560
-0.244681
-0.257173
-0.259836
-0.253921
-0.239962
-0.230809
-0.212976
-0.180947
-0.153803
-0.122073
-0.084328
-0.043729
-0.006899
0.034700
0.095525
0.165469
0.214363
0.230638
0.228437
0.227495
0.221808
0.223730
0.227152
0.237262
0.244852
0.248951
0.240343
0.181878
0.121137
0.049879
-0.008869
-0.056578
-0.087923
-0.109067
-0.128743
-0.138083
-0.135412
-0.123415
-0.105070
-0.087828
-0.069317
-0.054286
-0.035988
-0.016766
-0.005486
0.013491
0.029888
0.057182
0.098154
0.147627
0.203919
0.262562
0.325352
0.378106
0.366069
0.292704
0.226377
0.161831
0.099409
0.042837
-0.011734
-0.058144
-0.098182
-0.133044
-0.159717
-0.185830
-0.203732
-0.212442
-0.214357
-0.214089
-0.214549
-0.213079
-0.209519
-0.206081
-0.205804
-0.207946
-0.205214
-0.193916
-0.177620
-0.176759
-0.186948
-0.195175
-0.205863
-0.223215
-0.250294
-0.277900
-0.298249
-0.311404
-0.320755
-0.324417
-0.315822
-0.301577
-0.288317
-0.273117
-0.250291
-0.217567
-0.190020
-0.164724
-0.140444
-0.119865
-0.098450
-0.068569
-0.033499
0.006766
0.051541
0.081526
0.098046
0.120961
0.138507
0.164498
0.207515
0.264804
0.311445
0.339654
0.363852
0.397322
0.423301
0.403119
0.347950
0.282980
0.220155
0.161882
0.114790
0.081136
0.045513
0.022018
0.006541
-0.017611
-0.052423
-0.077795
-0.092341
-0.097641
-0.091505
-0.080197
-0.057402
-0.015711
0.022588
0.083060
0.134231
0.162170
0.179650
0.178105
0.183951
0.203737
0.219749
0.216121
0.198632
0.181758
0.136210
0.082697
0.035180
-0.004556
-0.034933
-0.059737
-0.088858
-0.130038
-0.167265
-0.202975
-0.234254
-0.260239
-0.278016
-0.281462
-0.295728
-0.318917
-0.334572
-0.331271
-0.316519
-0.284476
-0.243158
-0.221788
-0.239378
-0.243601
-0.243311
-0.226998
-0.200853
-0.164285
-0.122831
-0.072231
-0.021749
0.010066
0.031603
0.037020
0.045893
0.072160
0.114063
0.169410
0.191990
0.215332
0.222958
0.223097
0.228900
0.247420
0.238929
0.221202
0.199789
0.175203
0.161002
0.165763
0.144710
0.123304
0.113035
0.113118
0.101322
0.059121
0.031613
0.028625
0.031720
0.042286
0.065430
0.057135
0.016399
-0.036245
-0.089827
-0.136630
-0.163353
-0.167084
-0.149675
-0.126658
-0.107847
-0.116399
-0.111448
-0.103664
-0.081994
-0.039120
0.018799
0.089148
0.137744
0.159663
0.164206
0.160282
0.182780
0.210453
0.225537
0.238840
0.240539
0.251662
0.264997
0.260044
0.245507
0.213612
0.188806
0.183983
0.178140
0.168872
0.152088
0.130967
0.123480
0.117810
0.088809
0.058965
0.040385
0.026859
-0.011169
-0.057849
-0.111626
-0.157277
-0.196323
-0.211427
-0.227377
-0.240903
-0.243754
-0.225982
-0.193211
-0.154932
-0.119106
-0.086361
-0.059074
-0.034870
-0.031836
-0.020675
-0.047183
-0.083057
-0.106961
-0.112973
-0.101425
-0.063834
-0.040360
-0.015195
0.011680
0.034889
0.048177
0.054737
0.071001
0.058854
0.034612
0.003486
-0.060180
-0.122669
-0.176203
-0.225458
-0.254050
-0.277648
-0.274314
-0.256635
-0.250238
-0.264542
-0.272841
-0.278974
-0.269276
-0.249586
-0.212956
-0.160344
-0.106753
-0.061548
-0.024228
0.028244
0.102718
0.178891
0.227254
0.261129
0.299778
0.333124
0.359713
0.367044
0.364765
0.327360
0.290095
0.270335
0.264977
0.256022
0.253267
0.253194
0.256748
0.260093
0.248660
0.248331
0.241631
0.251479
0.270083
0.272602
0.269550
0.283640
0.267514
0.219808
0.143971
0.077118
0.021603
-0.016408
-0.051247
-0.104008
-0.142969
-0.169149
-0.184521
-0.195754
-0.199532
-0.209317
-0.216733
-0.202217
-0.172544
-0.130145
-0.114846
-0.115163
-0.106411
-0.096348
-0.083044
-0.089287
-0.103991
-0.120167
-0.127881
-0.121053
-0.100938
-0.073433
-0.037431
0.004347
0.050030
0.097882
0.118376
0.120736
0.113207
0.098183
0.087958
0.091971
0.106565
0.129026
0.152761
0.181680
0.209192
0.235882
0.269091
0.308241
0.314458
0.294912
0.258746
0.198883
0.138942
0.082525
0.031178
-0.015932
-0.060443
-0.095550
-0.132339
-0.167373
-0.199875
-0.229306
-0.258612
-0.280078
-0.291962
-0.295870
-0.295793
-0.299503
-0.303413
-0.306199
-0.306009
-0.305780
-0.307699
-0.312668
-0.319637
-0.325476
-0.327997
-0.323172
-0.314443
-0.302683
-0.287828
-0.271385
-0.251574
-0.232938
-0.212158
-0.193096
-0.178717
-0.163495
-0.142374
-0.121364
-0.100081
-0.075939
-0.047813
-0.018744
0.002298
0.021010
0.047526
0.072971
0.101135
0.129935
0.153927
0.176725
0.199523
0.226974
0.259586
0.294638
0.330089
0.337909
0.333531
0.332148
0.306466
0.266164
0.232984
0.200789
0.172057
0.147591
0.120263
0.095237
0.086633
0.094766
0.108121
0.121179
0.138456
0.168704
0.169543
0.135562
0.101424
0.068811
0.030794
-0.002373
-0.039280
-0.081450
-0.123031
-0.157201
-0.184573
-0.211139
-0.234208
-0.254374
-0.272371
-0.287986
-0.306335
-0.321076
-0.328926
-0.331949
-0.329786
-0.327456
-0.311047
-0.288037
-0.256092
-0.226554
-0.198508
-0.184389
-0.166904
-0.146659
-0.116933
-0.092978
-0.067952
-0.031861
0.010842
0.028450
0.031194
0.041512
0.061427
0.081165
0.104245
0.134331
0.158128
0.168436
0.193109
0.227328
0.268069
0.314795
0.345069
0.370149
0.392101
0.395107
0.396596
0.393365
0.389987
0.385730
0.362248
0.330415
0.280397
0.205469
0.115408
0.039343
-0.017609
-0.052451
-0.080004
-0.097568
-0.117464
-0.154831
-0.188545
-0.210407
-0.218264
-0.208021
-0.195156
-0.175548
-0.152708
-0.139691
-0.145155
-0.139982
-0.118333
-0.113512
-0.105978
-0.101338
-0.081250
-0.054617
-0.031527
-0.017164
0.010993
0.014471
0.007793
-0.015476
-0.046765
-0.071964
-0.086917
-0.105271
-0.125363
-0.129048
-0.120289
-0.097273
-0.062145
-0.010467
0.034379
0.087233
0.134311
0.189340
0.240282
0.277128
0.293031
0.293628
0.284244
0.249994
0.214181
0.169798
0.121285
0.083933
0.038183
-0.003753
-0.031032
-0.061447
-0.087619
-0.103336
-0.101990
-0.099807
-0.098334
-0.113021
-0.143853
-0.159265
-0.170691
-0.170793
-0.173968
-0.167989
-0.167904
-0.172194
-0.167298
-0.153022
-0.130536
-0.108812
-0.082123
-0.067304
-0.061310
-0.056794
-0.041881
-0.008928
0.033406
0.045980
0.042250
0.041488
0.063888
0.069258
0.063067
0.031086
-0.003401
-0.017170
-0.011323
0.002522
0.027350
0.055108
0.071824
0.063295
0.047896
0.036618
0.039473
0.063707
0.099937
0.149529
0.200115
0.218998
0.217493
0.213075
0.191140
0.178779
0.179487
0.191687
0.210477
0.243458
0.269387
0.277042
0.294404
0.319324
0.343963
0.352186
0.348713
0.326596
0.307371
0.295565
0.285238
0.276591
0.244579
0.157301
0.085225
0.021651
-0.036031
-0.082886
-0.127006
-0.175078
-0.222852
-0.262566
-0.295143
-0.325134
-0.349881
-0.370134
-0.374725
-0.368478
-0.349037
-0.324722
-0.296799
-0.265027
-0.234030
-0.197211
-0.159849
-0.120255
-0.089462
-0.069414
-0.059341
-0.043726
-0.027812
-0.014515
0.000354
0.026515
0.052471
0.077581
0.108173
0.143167
0.184074
0.232408
0.245994
0.221284
0.194080
0.178705
0.160988
0.151727
0.142090
0.119181
0.087102
0.052502
0.019625
-0.012800
-0.051894
-0.087798
-0.123549
-0.161141
-0.192276
-0.212937
-0.225093
-0.238708
-0.250797
-0.258555
-0.265106
-0.267320
-0.268469
-0.265775
-0.256753
-0.248274
-0.249942
-0.259889
-0.267552
-0.271652
-0.278448
-0.288234
-0.296286
-0.305224
-0.311546
-0.314193
-0.314076
-0.307461
-0.299018
-0.285706
-0.270707
-0.255887
-0.237179
-0.212200
-0.179561
-0.142785
-0.106350
-0.064652
-0.019262
0.031278
0.085724
0.145588
0.193423
0.240588
0.296765
0.357967
0.399648
0.414236
0.437517
0.418666
0.393176
0.371246
0.342944
0.325737
0.320605
0.318662
0.321020
0.315672
0.312366
0.322796
0.339501
0.366268
0.374524
0.360891
0.346362
0.345165
0.334775
0.321015
0.319830
0.323874
0.333242
0.358888
0.365479
0.327608
0.286509
0.245004
0.202499
0.160661
0.130266
0.101108
0.076446
0.035755
-0.016443
-0.060886
-0.101857
-0.145146
-0.187645
-0.225865
-0.260233
-0.290663
-0.318598
-0.343605
-0.358867
-0.371514
-0.377156
-0.380313
-0.383816
-0.390316
-0.401278
-0.412344
-0.418890
-0.422614
-0.424477
-0.419200
-0.402901
-0.377792
-0.355955
-0.340422
-0.324729
-0.312572
-0.290894
-0.267355
-0.244849
-0.226237
-0.209480
-0.184963
-0.149611
-0.102817
-0.049554
0.001328
0.057767
0.118610
0.177510
0.227677
0.277445
0.327760
0.344149
0.304133
0.260996
0.229400
0.192778
0.155123
0.122747
0.098344
0.076189
0.037751
-0.009813
-0.048075
-0.080841
-0.103817
-0.123829
-0.136203
-0.137536
-0.137860
-0.123199
-0.106862
-0.089619
-0.088079
-0.085001
-0.070688
-0.054197
-0.031244
-0.004484
0.031864
0.089994
0.159559
0.228978
0.244836
0.231295
0.222582
0.226122
0.232866
0.225159
0.205512
0.189318
0.190352
0.185801
0.177633
0.173483
0.181643
0.203272
0.235899
0.260383
0.247719
0.227538
0.221299
0.226944
0.238010
0.258730
0.282437
0.306851
0.335824
0.365056
0.350766
0.332729
0.296223
0.264412
0.238180
0.225642
0.187050
0.125211
0.072450
0.026264
-0.014157
-0.050951
-0.083253
-0.111643
-0.139626
-0.175808
-0.209953
-0.241916
-0.274676
-0.300374
-0.315412
-0.321064
-0.323931
-0.332539
-0.339733
-0.344320
-0.347031
-0.349430
-0.351277
-0.354981
-0.349354
-0.344029
-0.339024
-0.325839
-0.307252
-0.294095
-0.282895
-0.267287
-0.256242
-0.251523
-0.251188
-0.246759
-0.236201
-0.220046
-0.200541
-0.175463
-0.153653
-0.131615
-0.111028
-0.091933
-0.081678
-0.086191
-0.082967
-0.071082
-0.056663
-0.045987
-0.032949
-0.010597
0.014722
0.047929
0.080412
0.102007
0.099336
0.109611
0.121900
0.140179
0.160632
0.179820
0.163066
0.144673
0.140753
0.145609
0.162770
0.189889
0.224987
0.263206
0.289145
0.304697
0.307317
0.278164
0.262405
0.254057
0.246886
0.239290
0.238742
0.218710
0.174417
0.138794
0.106259
0.085327
0.072304
0.077356
0.097831
0.124612
0.158020
0.196063
0.228885
0.254540
0.285119
0.310819
0.294759
0.248746
0.201523
0.162154
0.128993
0.104493
0.094718
0.089180
0.062837
0.033749
0.010295
-0.015106
-0.037945
-0.065780
-0.090406
-0.115492
-0.141330
-0.179793
-0.212057
-0.244280
-0.271536
-0.299868
-0.324308
-0.341795
-0.363522
-0.389909
-0.415758
-0.431946
-0.444299
-0.452661
-0.459814
-0.463667
-0.457043
-0.454372
-0.443390
-0.426770
-0.408997
-0.389944
-0.360352
-0.324586
-0.284125
-0.239115
-0.197033
-0.149391
-0.102959
-0.063799
-0.025395
0.021339
0.044951
0.049908
0.031792
0.003749
-0.018121
-0.027790
-0.023540
-0.014622
0.008420
0.033980
0.042457
0.036790
0.041820
0.056671
0.077960
0.104133
0.128539
0.154839
0.168611
0.189302
0.234575
0.260728
0.282394
0.312515
0.353541
0.390214
0.413538
0.444720
0.468080
0.478373
0.507430
0.518992
0.515071
0.506080
0.486458
0.459579
0.442236
0.420859
0.366183
0.304386
0.250873
0.200625
0.163793
0.132251
0.066280
-0.013569
-0.086911
-0.149089
-0.216178
-0.269563
-0.312817
-0.353653
-0.383207
-0.403365
-0.414727
-0.400511
-0.370536
-0.341204
-0.313142
-0.274146
-0.237454
-0.192388
-0.154198
-0.127633
-0.095905
-0.058084
-0.027338
0.000248
0.030136
0.067802
0.065758
0.054467
0.054955
0.053425
0.042776
0.026952
0.034184
0.049529
0.061332
0.075506
0.084838
0.081569
0.066547
0.050299
-0.017572
-0.099764
-0.172947
-0.234774
-0.283572
-0.327141
-0.355752
-0.362395
-0.352065
-0.330556
-0.296223
-0.249963
-0.188709
-0.111631
-0.026380
0.065579
0.165763
0.263073
0.348755
0.434235
0.524214
0.609060
0.696907
0.773670
0.785750
0.759955
0.729562
0.700226
0.668384
0.639003
0.610770
0.569332
0.514049
0.443336
0.373276
0.296662
0.221440
0.149403
0.084007
0.024519
-0.029895
-0.081922
-0.129640
-0.178094
-0.230011
-0.279721
-0.324419
-0.363803
-0.400575
-0.439229
-0.476768
-0.511216
-0.540305
-0.560122
-0.580555
-0.600645
-0.615296
-0.617130
-0.616521
-0.607166
-0.597072
-0.585987
-0.578306
-0.563332
-0.545552
-0.526012
-0.501025
-0.475668
-0.450906
-0.420752
-0.390147
-0.356727
-0.323552
-0.289926
-0.255451
-0.215314
-0.172012
-0.127131
-0.075515
-0.021240
0.027386
0.074352
0.121879
0.173741
0.232048
0.297591
0.367186
0.442057
0.507443
0.569147
0.630901
0.687706
0.735850
0.755710
0.717233
0.659657
0.575987
0.478773
0.386402
0.282410
0.185416
0.091806
0.002918
-0.073265
-0.138587
-0.203768
-0.256257
-0.302116
-0.346214
-0.382973
-0.411139
-0.427319
-0.430536
-0.415591
-0.383863
-0.342579
-0.293845
-0.238130
-0.171238
-0.096792
-0.030826
0.012186
0.067242
0.130309
0.179677
0.244393
0.286408
0.302446
0.316442
0.327240
0.299657
0.250592
0.189803
0.126500
0.086506
0.067952
0.070251
0.087383
0.064358
0.037136
0.018106
0.009184
-0.021108
-0.075350
-0.112222
-0.142611
-0.169797
-0.172555
-0.162515
-0.148004
-0.135995
-0.119649
-0.091091
-0.045425
0.011182
0.070211
0.109383
0.147920
0.192523
0.223234
0.246009
0.253114
0.267361
0.284086
0.303657
0.305345
0.264886
0.230733
0.205434
0.177688
0.132306
0.082835
0.033358
-0.006793
-0.031202
-0.047686
-0.041792
-0.046494
-0.054778
-0.057356
-0.056421
-0.050666
-0.041823
-0.023525
-0.003638
0.024186
0.068098
0.108556
0.150658
0.203881
0.266378
0.331550
0.364243
0.350433
0.320235
0.289146
0.251749
0.215194
0.184695
0.154096
0.117251
0.076356
0.041617
0.010069
-0.017016
-0.052692
-0.099843
-0.141086
-0.177623
-0.212780
-0.245123
-0.263888
-0.278488
-0.289035
-0.293539
-0.301611
-0.303496
-0.305368
-0.308737
-0.313150
-0.314797
-0.311243
-0.306745
-0.299000
-0.285024
-0.271826
-0.258126
-0.242620
-0.225911
-0.205992
-0.185737
-0.163378
-0.139351
-0.113716
-0.087101
-0.060843
-0.028900
0.001670
0.037308
0.073001
0.110201
0.144668
0.176192
0.205853
0.239668
0.273659
0.284000
0.289777
0.292412
0.293302
0.294804
0.284855
0.263795
0.229870
0.193037
0.158404
0.124135
0.089666
0.053458
0.020804
-0.008269
-0.033135
-0.056624
-0.080985
-0.101677
-0.116360
-0.130846
-0.138832
-0.145426
-0.150368
-0.149856
-0.144293
-0.134874
-0.126622
-0.117145
-0.108020
-0.095083
-0.079249
-0.058577
-0.038117
-0.019671
-0.000825
0.015638
0.031171
0.036564
0.041564
0.042559
0.040277
0.038625
0.033494
0.028902
0.020721
0.011563
0.001152
-0.006692
-0.012305
-0.012932
-0.013562
-0.017418
-0.020669
-0.026691
-0.031998
-0.034868
-0.032475
-0.027350
-0.021314
-0.015461
-0.007419
0.000526
0.006802
0.011968
0.013573
0.012740
0.014578
0.018091
0.020071
0.019449
0.018423
0.017139
0.010522
0.004477
-0.001551
-0.010765
-0.017566
-0.022509
-0.023882
-0.023657
-0.024158
-0.022681
-0.022204
-0.019608
-0.016327
-0.017034
-0.018721
-0.020916
-0.023714
-0.027984
-0.032899
-0.037826
-0.037054
-0.035374
-0.035701
-0.036352
-0.033629
-0.028255
-0.024789
-0.021717
-0.019856
-0.020593
-0.018901
-0.015746
-0.014733
-0.014042
-0.011393
-0.005342
0.004544
0.015437
0.028408
0.039831
0.052060
0.062821
0.071406
0.074232
0.073389
0.074349
0.078317
0.077889
0.076890
0.077701
0.072236
0.063523
0.052373
0.037430
0.022532
0.006316
-0.008999
-0.024033
-0.033818
-0.038018
-0.042205
-0.050770
-0.054895
-0.058211
-0.061092
-0.065981
-0.071173
-0.080771
-0.086868
-0.092502
-0.094576
-0.093782
-0.088048
-0.086506
-0.090547
-0.090822
-0.090421
-0.088524
-0.090043
-0.087332
-0.081092
-0.074514
-0.070616
-0.072997
-0.081234
-0.089930
-0.096199
-0.096483
-0.097767
-0.098156
-0.097996
-0.100669
-0.104755
-0.107526
-0.108284
-0.107323
-0.105074
-0.096494
-0.078379
-0.060624
-0.038111
-0.014096
0.012547
0.043650
0.079337
0.119680
0.159053
0.197829
0.234568
0.260320
0.281018
0.309036
0.333950
0.356245
0.374704
0.381235
0.383732
0.386302
0.376698
0.360185
0.347698
0.333761
0.309605
0.266689
0.208813
0.154228
0.103930
0.061505
0.024544
-0.009014
-0.037873
-0.055020
-0.065685
-0.074334
-0.082307
-0.086335
-0.092360
-0.096444
-0.100794
-0.099297
-0.095322
-0.097145
-0.095428
-0.098418
-0.112177
-0.132063
-0.154883
-0.174205
-0.194058
-0.213299
-0.234186
-0.257370
-0.279597
-0.300367
-0.319939
-0.333875
-0.341266
-0.345199
-0.343951
-0.338313
-0.326973
-0.319108
-0.313154
-0.299578
-0.281929
-0.265652
-0.243988
-0.228308
-0.210499
-0.192115
-0.167775
-0.142682
-0.121895
-0.116574
-0.121242
-0.123717
-0.122866
-0.118071
-0.105431
-0.084139
-0.058290
-0.027375
0.006716
0.046428
0.089075
0.145091
0.207473
0.278297
0.353082
0.436913
0.518887
0.602639
0.687475
0.752202
0.764699
0.712136
0.637650
0.560911
0.490844
0.443612
0.411549
0.378348
0.338506
0.294259
0.246386
0.187539
0.136318
0.088326
0.043898
0.001807
-0.056171
-0.123276
-0.206181
-0.281994
-0.338038
-0.385222
-0.424167
-0.458234
-0.478612
-0.487623
-0.489352
-0.489772
-0.487676
-0.483367
-0.460967
-0.430740
-0.393526
-0.345286
-0.284997
-0.226477
-0.151259
-0.073776
0.003076
0.074919
0.119429
0.153095
0.192631
0.232497
0.254035
0.257859
0.245569
0.245351
0.242022
0.251965
0.265014
0.273968
0.286709
0.288325
0.274307
0.255349
0.235314
0.217161
0.204331
0.188844
0.160655
0.108762
0.053781
-0.022074
-0.098804
-0.161122
-0.206817
-0.236300
-0.256844
-0.258537
-0.244464
-0.224245
-0.198999
-0.159657
-0.091146
-0.025804
0.029776
0.072713
0.075448
0.060158
0.049575
0.050609
0.059980
0.075670
0.094325
0.120770
0.160157
0.171648
0.183234
0.203052
0.217560
0.198848
0.188336
0.185806
0.183006
0.146790
0.097399
0.041376
-0.012517
-0.056162
-0.104586
-0.164448
-0.218572
-0.256217
-0.290815
-0.318261
-0.324248
-0.315844
-0.287270
-0.258146
-0.235552
-0.235263
-0.243924
-0.239607
-0.212634
-0.173933
-0.120400
-0.061193
-0.007364
0.018732
0.028714
0.033856
0.053332
0.085865
0.133505
0.196553
0.276801
0.356862
0.425925
0.454339
0.450469
0.419733
0.379693
0.336289
0.299683
0.262808
0.213982
0.153818
0.093727
0.030740
-0.028650
-0.079774
-0.123236
-0.190853
-0.264724
-0.325238
-0.364763
-0.391537
-0.413613
-0.429867
-0.446826
-0.460661
-0.463367
-0.455091
-0.458638
-0.474362
-0.472835
-0.459415
-0.423187
-0.379320
-0.324395
-0.263536
-0.187323
-0.104661
-0.037048
0.005416
0.062370
0.125086
0.163810
0.208422
0.243607
0.283278
0.325666
0.350382
0.404047
0.453567
0.492398
0.497790
0.473820
0.460354
0.450435
0.438965
0.420830
0.392797
0.366576
0.337707
0.293962
0.246109
0.195017
0.149124
0.089277
0.038542
0.003150
-0.039670
-0.072864
-0.106301
-0.141359
-0.154775
-0.159511
-0.158865
-0.157922
-0.144731
-0.126742
-0.090551
-0.037252
0.024499
0.076099
0.099862
0.116198
0.128210
0.131475
0.111767
0.104304
0.103805
0.082446
0.055456
0.033338
0.008335
-0.004800
-0.022159
-0.055012
-0.097893
-0.140763
-0.178242
-0.203635
-0.222944
-0.262444
-0.324192
-0.371459
-0.416757
-0.451052
-0.474690
-0.478512
-0.468525
-0.440463
-0.397013
-0.332243
-0.268633
-0.206971
-0.145193
-0.069471
0.007195
0.088199
0.189542
0.268494
0.322296
0.390504
0.446226
0.504425
0.523469
0.527114
0.528708
0.532754
0.533837
0.508570
0.491756
0.472096
0.429217
0.375968
0.292605
0.206868
0.137429
0.074850
0.019692
-0.027916
-0.074674
-0.111174
-0.136968
-0.156505
-0.166233
-0.172429
-0.164818
-0.154525
-0.134079
-0.101894
-0.062597
-0.022837
0.020245
0.063597
0.088363
0.086513
0.061378
0.029533
0.001996
-0.020410
-0.039353
-0.058315
-0.071934
-0.083951
-0.094201
-0.111170
-0.124698
-0.131909
-0.134027
-0.130755
-0.121453
-0.112478
-0.094214
-0.077134
-0.058098
-0.034692
-0.022170
-0.036525
-0.062611
-0.084871
-0.100878
-0.117456
-0.141151
-0.169582
-0.195766
-0.208792
-0.215169
-0.216200
-0.214365
-0.210523
-0.206749
-0.198437
-0.186298
-0.172463
-0.159440
-0.141380
-0.122197
-0.103109
-0.080964
-0.055068
-0.022611
0.014040
0.050574
0.085266
0.120002
0.151328
0.183658
0.215884
0.248796
0.275324
0.300308
0.325021
0.347673
0.363746
0.330240
0.279396
0.233545
0.197186
0.166148
0.137697
0.108042
0.077259
0.046479
0.012032
-0.013746
-0.032621
-0.047988
-0.058496
-0.071163
-0.078736
-0.083290
-0.086109
-0.087560
-0.085623
-0.074101
-0.062806
-0.050344
-0.041822
-0.041753
-0.048904
-0.055505
-0.059631
-0.065271
-0.071787
-0.077693
-0.094268
-0.119205
-0.140446
-0.157143
-0.166446
-0.176541
-0.191698
-0.204045
-0.213886
-0.220186
-0.220126
-0.223599
-0.227124
-0.236528
-0.246770
-0.258324
-0.270524
-0.277213
-0.282263
-0.291049
-0.298768
-0.303024
-0.302442
-0.301638
-0.307823
-0.317905
-0.324728
-0.331407
-0.334017
-0.326481
-0.309967
-0.286874
-0.256495
-0.222206
-0.179269
-0.129774
-0.081380
-0.034672
0.014918
0.067476
0.117535
0.170347
0.227746
0.287664
0.354965
0.427462
0.495748
0.550160
0.606021
0.646872
0.627373
0.593743
0.561265
0.522573
0.481421
0.433161
0.359823
0.283063
0.222469
0.177417
0.156428
0.146205
0.154898
0.169898
0.164807
0.146696
0.123949
0.108237
0.100441
0.075059
0.057881
0.048493
0.042166
0.022280
-0.000931
-0.030790
-0.056246
-0.082131
-0.089216
-0.071845
-0.038884
0.008533
0.057959
0.120149
0.193996
0.273504
0.361852
0.438694
0.491460
0.507867
0.465258
0.401836
0.343574
0.288358
0.234505
0.182214
0.132941
0.082725
0.035559
-0.012326
-0.059020
-0.100784
-0.135450
-0.167398
-0.190295
-0.210471
-0.225341
-0.234729
-0.243033
-0.245513
-0.247131
-0.247291
-0.243870
-0.239242
-0.233977
-0.227570
-0.225414
-0.224693
-0.227583
-0.229746
-0.229986
-0.229116
-0.229392
-0.226877
-0.221746
-0.216817
-0.209802
-0.200190
-0.191335
-0.175800
-0.160086
-0.143917
-0.127111
-0.105972
-0.083382
-0.061738
-0.039075
-0.020734
-0.003929
0.006753
0.012281
0.016408
0.020732
0.025412
0.032097
0.038241
0.046994
0.047868
0.045973
0.040270
0.034529
0.031961
0.031627
0.032847
0.032771
0.033636
0.034924
0.036654
0.040759
0.041576
0.041009
0.039982
0.037360
0.033558
0.028490
0.024580
0.021432
0.017961
0.009050
0.002859
-0.003489
-0.008628
-0.014411
-0.019030
-0.020789
-0.020269
-0.017002
-0.013179
-0.007831
-0.003894
-0.000730
-0.003320
-0.006186
-0.008686
-0.013785
-0.015646
-0.017015
-0.019469
-0.018757
-0.015304
-0.016791
-0.017142
-0.016304
-0.010822
-0.004568
-0.000028
0.001817
0.000700
0.000875
0.001741
0.003559
0.007322
0.007374
0.007134
0.006389
0.006840
0.014388
0.018086
0.026869
0.034791
0.038296
0.038598
0.040040
0.041276
0.041588
0.041324
0.034611
0.021590
0.008390
-0.006998
-0.025771
-0.046100
-0.062914
-0.075505
-0.086398
-0.093010
-0.099680
-0.103129
-0.106466
-0.106881
-0.108269
-0.108204
-0.108137
-0.109472
-0.109302
-0.109028
-0.109207
-0.109698
-0.107668
-0.102227
-0.098122
-0.089779
-0.086856
-0.088155
-0.090159
-0.091828
-0.095883
-0.098637
-0.097276
-0.094417
-0.090975
-0.089575
-0.087686
-0.084832
-0.079987
-0.071074
-0.054189
-0.027045
0.008506
0.048784
0.094961
0.140722
0.190445
0.247820
0.306422
0.364585
0.423506
0.482747
0.505008
0.471179
0.407640
0.340790
0.276914
0.214554
0.156077
0.094645
0.032223
-0.021453
-0.070796
-0.115365
-0.154728
-0.186863
-0.211134
-0.226865
-0.236539
-0.243728
-0.244735
-0.237511
-0.221857
-0.196861
-0.165918
-0.129797
-0.091353
-0.048417
-0.001617
0.044965
0.096859
0.150491
0.208068
0.263355
0.313257
0.321982
0.320630
0.302522
0.272114
0.247506
0.230146
0.218635
0.211192
0.204259
0.181926
0.138292
0.099554
0.063551
0.028579
-0.001064
-0.027424
-0.055799
-0.083279
-0.111829
-0.138682
-0.163818
-0.191983
-0.217209
-0.233915
-0.245378
-0.256608
-0.266254
-0.270452
-0.272259
-0.270547
-0.265446
-0.256656
-0.242312
-0.232645
-0.221734
-0.207233
-0.186091
-0.160524
-0.132794
-0.104397
-0.071788
-0.037350
-0.003163
0.029940
0.066819
0.105721
0.146321
0.184087
0.213557
0.237141
0.263977
0.274684
0.265171
0.257831
0.228370
0.198207
0.161660
0.126421
0.094220
0.061861
0.017836
-0.018173
-0.051106
-0.079677
-0.106639
-0.127417
-0.149238
-0.176215
-0.196609
-0.207213
-0.216858
-0.222756
-0.222533
-0.211923
-0.198312
-0.181890
-0.170393
-0.156032
-0.136783
-0.111509
-0.100948
-0.097122
-0.090132
-0.080043
-0.063039
-0.040718
-0.010177
0.016683
0.027914
0.039649
0.041436
0.026082
0.018030
0.012030
0.016622
0.013656
-0.002269
-0.018220
-0.024711
-0.035008
-0.037255
-0.030544
-0.005811
0.027913
0.075416
0.134311
0.200101
0.267656
0.342832
0.400346
0.425909
0.433684
0.438205
0.442698
0.453794
0.471231
0.463151
0.440420
0.419437
0.395053
0.370185
0.345856
0.312282
0.276119
0.237990
0.197833
0.163222
0.126699
0.091222
0.055414
0.021289
-0.008675
-0.049684
-0.091511
-0.125703
-0.156080
-0.181609
-0.205284
-0.221486
-0.235106
-0.247649
-0.255990
-0.264109
-0.274371
-0.282927
-0.290202
-0.290812
-0.284804
-0.277365
-0.266413
-0.255263
-0.243222
-0.230870
-0.211522
-0.187984
-0.163451
-0.135691
-0.111502
-0.088315
-0.070523
-0.056048
-0.041502
-0.030150
-0.019891
-0.010041
-0.001691
0.001535
0.007205
0.010529
0.011404
0.009549
0.012948
0.021902
0.027219
0.032229
0.037163
0.040568
0.045063
0.049026
0.051601
0.050104
0.046222
0.043141
0.041411
0.040231
0.037087
0.033799
0.033509
0.032048
0.029121
0.026470
0.018950
0.012061
0.005868
-0.002812
-0.009685
-0.014254
-0.022029
-0.026308
-0.029899
-0.032807
-0.036062
-0.032030
-0.026137
-0.019962
-0.015538
-0.010502
-0.005318
0.001572
0.005735
0.009587
0.012087
0.009100
0.006366
0.005162
0.004340
0.004598
0.006912
0.006953
0.004925
0.000338
-0.004851
-0.004651
-0.005624
-0.011361
-0.018382
-0.025524
-0.035714
-0.045078
-0.055108
-0.070262
-0.078575
-0.084079
-0.090894
-0.100062
-0.109012
-0.116792
-0.126404
-0.137176
-0.148619
-0.156716
-0.164778
-0.174139
-0.183274
-0.192746
-0.198779
-0.206889
-0.218908
-0.229433
-0.237048
-0.243741
-0.245840
-0.248214
-0.242098
-0.230597
-0.214826
-0.197974
-0.179353
-0.159707
-0.132964
-0.103725
-0.065628
-0.022819
0.023208
0.074274
0.129569
0.194441
0.261896
0.329851
0.396276
0.434961
0.468419
0.514922
0.547453
0.553431
0.552793
0.548519
0.548594
0.549720
0.523446
0.479249
0.441255
0.400316
0.357866
0.319772
0.290462
0.266399
0.246326
0.232155
0.218428
0.201035
0.157932
0.102501
0.049386
-0.000155
-0.046686
-0.088166
-0.127375
-0.167822
-0.206347
-0.242618
-0.278388
-0.315800
-0.344519
-0.368376
-0.390402
-0.405900
-0.420663
-0.430165
-0.432816
-0.433091
-0.425807
-0.414481
-0.400603
-0.378323
-0.351518
-0.321317
-0.287414
-0.252109
-0.215319
-0.175347
-0.129594
-0.079134
-0.024135
0.036077
0.081057
0.097452
0.103159
0.107301
0.113676
0.128155
0.143682
0.162317
0.180975
0.196318
0.206220
0.212494
0.220179
0.229477
0.241962
0.253436
0.269551
0.287191
0.299918
0.309581
0.319857
0.326133
0.316727
0.249542
0.171871
0.106505
0.045235
-0.010851
-0.062983
-0.107917
-0.147207
-0.172106
-0.187224
-0.195864
-0.198235
-0.197164
-0.197929
-0.198625
-0.197911
-0.193030
-0.187366
-0.179590
-0.169675
-0.159127
-0.160573
-0.165191
-0.159314
-0.142077
-0.127832
-0.114046
-0.092883
-0.069147
-0.039850
-0.006389
0.029952
0.072242
0.110298
0.141487
0.165892
0.155480
0.130762
0.112515
0.104866
0.108808
0.118007
0.130869
0.147026
0.164414
0.165289
0.152829
0.132792
0.109851
0.089107
0.068741
0.053947
0.051583
0.052404
0.054226
0.057717
0.071273
0.089077
0.112005
0.131199
0.113831
0.082266
0.049083
0.017548
-0.019979
-0.053670
-0.086188
-0.114604
-0.140421
-0.162039
-0.177156
-0.189394
-0.201476
-0.209128
-0.210816
-0.211950
-0.214252
-0.213948
-0.208027
-0.195582
-0.185518
-0.169774
-0.148490
-0.127538
-0.096983
-0.067781
-0.037715
-0.001034
0.039305
0.082345
0.125169
0.136948
0.120191
0.104935
0.089308
0.075167
0.058481
0.046047
0.034188
0.028951
0.029748
0.038052
0.053106
0.070267
0.091364
0.115250
0.141738
0.163177
0.167061
0.165045
0.170767
0.187357
0.210079
0.232546
0.242373
0.224217
0.188959
0.158307
0.125398
0.098766
0.072060
0.046848
0.022554
0.002412
-0.013038
-0.021828
-0.028834
-0.047860
-0.068339
-0.083205
-0.097961
-0.109710
-0.118902
-0.128839
-0.133991
-0.134483
-0.129243
-0.123830
-0.119567
-0.110364
-0.096953
-0.084896
-0.070169
-0.053663
-0.034746
-0.016663
0.002568
0.014793
0.000305
-0.024764
-0.045691
-0.060004
-0.071167
-0.079032
-0.083284
-0.083963
-0.083081
-0.081309
-0.081844
-0.081294
-0.076806
-0.070478
-0.063643
-0.050817
-0.032096
-0.010711
0.008074
0.026913
0.044861
0.054848
0.040734
0.006642
-0.022129
-0.047147
-0.071778
-0.091712
-0.113613
-0.126226
-0.138774
-0.145135
-0.147686
-0.145025
-0.137342
-0.127717
-0.112467
-0.094843
-0.081336
-0.066676
-0.044771
-0.012867
0.020530
0.056668
0.104035
0.150408
0.192104
0.185489
0.146707
0.097803
0.047490
-0.003870
-0.046555
-0.076866
-0.118801
-0.161526
-0.188492
-0.211949
-0.229242
-0.238831
-0.241470
-0.234671
-0.220526
-0.194050
-0.156757
-0.118417
-0.080970
-0.035837
0.010748
0.062407
0.111473
0.163737
0.207884
0.237120
0.257520
0.270667
0.282266
0.294687
0.277164
0.246960
0.212238
0.180123
0.159108
0.149328
0.152816
0.165897
0.184403
0.167816
0.126638
0.082226
0.053377
0.045026
0.058404
0.089402
0.133819
0.170953
0.201699
0.202139
0.197579
0.179804
0.158423
0.149522
0.140431
0.114238
0.085109
0.074747
0.075881
0.078946
0.076382
0.079986
0.088687
0.098020
0.100637
0.098464
0.075229
0.014951
-0.068797
-0.139161
-0.191239
-0.242400
-0.283105
-0.311547
-0.328096
-0.336050
-0.329128
-0.315587
-0.291656
-0.262409
-0.220436
-0.177711
-0.134352
-0.089038
-0.050043
-0.016031
0.010246
0.000993
-0.030767
-0.047597
-0.055375
-0.054499
-0.056579
-0.048577
-0.040169
-0.018782
-0.004229
0.008865
0.035182
0.072321
0.112654
0.133933
0.159333
0.193830
0.173627
0.138619
0.135518
0.166835
0.238896
0.343368
0.459369
0.471708
0.398302
0.298209
0.162777
0.032795
-0.100368
-0.215442
-0.299043
-0.365359
-0.413627
-0.443433
-0.431787
-0.383164
-0.286479
-0.241884
-0.195574
-0.110183
-0.008452
0.185222
0.327287
0.133931
0.067372
0.102486
-1.000000
-1.000000
-1.000000
-1.000000
