0 0 1
1 0 1
2 0 1
3 0 1
4 0 1
5 0 1
6 0 1
7 0 1
8 0 1
9 0 1
10 0 0
11 0 0
12 0 1
13 0 1
14 0 1
15 0 0
16 0 1
17 0 0
18 0 1
19 0 1
20 0 0
21 0 0
22 0 0
23 0 1
24 0 1
25 0 0
26 0 0
27 0 1
28 0 1
29 0 1
30 0 1
31 0 1
32 0 0
33 0 0
34 0 0
35 0 0
36 0 1
37 0 1
38 0 1
39 0 1
40 0 1
41 0 0
42 0 0
43 0 0
44 0 0
45 0 0
46 0 0
47 0 1
48 0 0
49 0 0
50 0 0
51 0 0
52 0 1
53 0 0
54 0 0
55 0 0
56 0 1
57 0 0
58 0 0
59 0 0
60 0 0
61 0 0
62 1 1
63 1 1
64 1 1
65 1 1
66 1 0
67 1 1
68 1 1
69 1 1
70 1 0
71 1 1
72 1 0
73 1 0
74 1 1
75 1 1
76 1 1
77 1 0
78 1 0
79 1 0
80 1 1
81 1 1
82 1 0
83 1 0
84 1 0
85 1 1
86 1 0
87 1 1
88 1 1
89 1 1
90 1 0
91 1 0
92 1 0
93 1 0
94 1 0
95 1 1
96 1 1
97 1 0
98 1 0
99 1 1
100 1 0
101 1 1
102 1 1
103 1 0
104 1 1
105 1 1
106 1 0
107 1 1
108 1 1
109 1 1
110 2 0
111 2 0
112 2 0
113 2 1
114 2 1
115 2 1
116 2 1
117 2 1
118 2 1
119 2 1
120 2 0
121 2 0
122 2 0
123 2 0
124 2 1
125 2 1
126 2 1
127 2 1
128 2 1
129 2 1
130 2 1
131 2 1
132 2 0
133 2 0
134 2 1
135 2 0
136 2 1
137 2 0
138 2 1
139 2 0
140 2 0
141 2 1
142 2 1
143 2 1
144 2 1
145 2 0
146 2 1
147 2 0
148 2 1
149 2 1
150 2 0
151 2 0
152 2 1
153 2 0
154 2 0
155 2 1
156 2 1
157 2 1
158 3 1
159 3 0
160 3 1
161 3 1
162 3 1
163 3 0
164 3 1
165 3 0
166 3 1
167 3 0
168 3 0
169 3 0
170 3 0
171 3 0
172 3 0
173 3 1
174 3 1
175 3 1
176 3 1
177 3 0
178 3 1
179 3 1
180 3 1
181 3 0
182 3 1
183 3 0
184 3 0
185 3 0
186 3 0
187 3 0
188 3 1
189 3 1
190 3 0
191 3 0
192 3 1
193 3 0
194 3 1
195 3 1
196 3 0
197 4 0
198 4 1
199 4 0
200 4 0
201 4 0
202 4 0
203 4 0
204 4 1
205 4 0
206 4 0
207 4 1
208 4 1
209 4 1
210 4 1
211 4 1
212 4 1
213 4 0
214 4 0
215 4 1
216 4 0
217 4 0
218 4 0
219 4 0
220 4 1
221 4 1
222 4 1
223 4 1
224 4 1
225 4 0
226 4 1
227 4 1
228 4 1
229 4 0
230 4 1
231 4 1
232 4 0
233 5 1
234 5 1
235 5 1
236 5 0
237 5 0
238 5 1
239 5 1
240 5 1
241 5 1
242 5 1
243 5 1
244 5 0
245 5 1
246 5 1
247 5 0
248 5 1
249 5 0
250 5 0
251 5 1
252 5 1
253 5 0
254 5 1
255 5 0
256 5 1
257 5 1
258 5 0
259 5 0
260 5 1
261 5 1
262 5 1
263 5 1
264 5 1
265 5 1
266 5 1
267 5 0
268 5 0
269 6 1
270 6 0
271 6 0
272 6 1
273 6 1
274 6 1
275 6 1
276 6 1
277 6 0
278 6 0
279 6 0
280 6 0
281 6 0
282 6 0
283 6 1
284 6 0
285 6 0
286 6 0
287 6 1
288 6 1
289 6 1
290 6 1
291 6 0
292 6 1
293 6 0
294 6 1
295 6 1
296 6 1
297 6 0
298 6 1
299 6 1
300 6 0
301 7 0
302 7 0
303 7 1
304 7 1
305 7 1
306 7 1
307 7 0
308 7 1
309 7 1
310 7 0
311 7 1
312 7 1
313 7 0
314 7 1
315 7 1
316 7 0
317 7 1
318 7 1
319 7 1
320 7 1
321 7 1
322 7 1
323 7 0
324 7 0
325 7 0
326 7 1
327 7 0
328 7 1
329 7 1
330 8 0
331 8 0
332 8 0
333 8 0
334 8 0
335 8 0
336 8 0
337 8 0
338 8 0
339 8 0
340 8 0
341 8 0
342 8 0
343 8 0
344 8 0
345 8 0
346 8 0
347 8 0
348 8 1
349 8 1
350 8 1
351 8 1
352 8 1
353 8 1
354 8 1
355 8 1
356 8 1
357 8 1
358 8 1
359 9 1
360 9 1
361 9 1
362 9 0
363 9 0
364 9 1
365 9 1
366 9 1
367 9 0
368 9 1
369 9 1
370 9 1
371 9 0
372 9 0
373 9 0
374 9 0
375 9 0
376 9 0
377 9 0
378 9 0
379 9 0
380 9 0
381 9 1
382 9 1
383 9 1
384 9 1
385 9 1
386 9 0
387 9 0
388 9 0
389 9 1
390 9 1
391 9 1
392 9 1
393 9 0
394 9 1
395 9 1
396 9 0
397 9 0
398 10 1
399 10 1
400 10 1
401 10 1
402 10 0
403 10 1
404 10 1
405 10 1
406 10 0
407 10 0
408 10 0
409 10 0
410 10 1
411 10 1
412 10 1
413 10 1
414 10 1
415 10 1
416 10 1
417 10 1
418 10 1
419 10 0
420 10 0
421 10 1
422 10 1
423 10 0
424 10 1
425 10 1
426 10 1
427 10 1
428 10 1
429 10 1
430 10 1
431 10 1
432 10 1
433 11 1
434 11 1
435 11 1
436 11 1
437 11 1
438 11 0
439 11 0
440 11 0
441 11 0
442 11 0
443 11 1
444 11 0
445 11 1
446 11 1
447 11 1
448 11 0
449 11 0
450 11 0
451 11 0
452 11 0
453 11 0
454 11 1
455 11 1
456 11 1
457 11 0
458 11 1
459 11 1
460 12 0
461 12 0
462 12 0
463 12 1
464 12 1
465 12 1
466 12 1
467 12 1
468 12 1
469 12 1
470 12 0
471 12 0
472 12 0
473 12 1
474 12 0
475 12 0
476 12 0
477 12 0
478 12 0
479 12 1
480 12 0
481 12 1
482 12 1
483 13 0
484 13 0
485 13 0
486 13 0
487 13 1
488 13 0
489 13 1
490 13 1
491 13 0
492 13 0
493 13 0
494 13 1
495 13 1
496 13 1
497 13 1
498 13 0
499 13 0
500 13 1
501 13 1
502 13 0
503 13 1
504 13 1
505 14 0
506 14 0
507 14 0
508 14 0
509 14 0
510 14 1
511 14 0
512 14 1
513 14 1
514 14 0
515 14 0
516 14 0
517 14 1
518 14 1
519 14 1
520 14 1
521 14 1
522 14 0
523 14 0
524 14 0
525 14 0
526 14 0
527 15 1
528 15 1
529 15 1
530 15 0
531 15 1
532 15 1
533 15 1
534 15 1
535 15 1
536 15 0
537 15 0
538 15 0
539 15 0
540 15 0
541 15 1
542 15 1
543 15 0
544 15 1
545 15 0
546 15 0
547 15 1
548 15 1
549 15 1
550 15 1
551 15 1
552 16 1
553 16 1
554 16 1
555 16 0
556 16 0
557 16 0
558 16 1
559 16 1
560 16 1
561 16 1
562 16 1
563 16 1
564 16 1
565 16 0
566 16 0
567 16 1
568 16 0
569 16 0
570 16 1
571 16 1
572 16 1
573 16 1
574 17 0
575 17 0
576 17 0
577 17 0
578 17 0
579 17 1
580 17 1
581 17 0
582 17 0
583 17 0
584 17 0
585 17 0
586 17 0
587 17 0
588 17 1
589 17 1
590 17 1
591 17 1
592 17 1
593 17 1
594 17 0
595 17 0
596 17 0
597 17 0
598 17 0
599 17 1
600 17 1
601 17 1
602 17 0
603 17 0
604 17 1
605 17 0
606 18 1
607 18 1
608 18 1
609 18 1
610 18 1
611 18 1
612 18 1
613 18 1
614 18 1
615 18 1
616 18 1
617 18 1
618 18 1
619 18 1
620 18 0
621 18 0
622 18 0
623 18 0
624 18 1
625 18 1
626 18 1
627 18 1
628 18 1
629 18 1
630 18 1
631 18 1
632 18 1
633 18 1
634 18 1
635 18 1
636 18 1
637 18 1
638 18 0
639 19 1
640 19 0
641 19 0
642 19 0
643 19 0
644 19 1
645 19 1
646 19 1
647 19 0
648 19 1
649 19 1
650 19 1
651 19 0
652 19 0
653 19 0
654 19 0
655 19 0
656 19 0
657 19 1
658 20 0
659 20 0
660 20 0
661 20 0
662 20 0
663 20 0
664 20 1
665 20 1
666 20 1
667 20 0
668 20 0
669 21 0
670 21 0
671 21 0
672 21 0
673 21 1
674 21 1
675 21 1
676 21 1
677 21 0
678 21 0
679 21 0
680 22 1
681 22 1
682 22 1
683 22 1
684 22 1
685 22 1
686 22 1
687 22 0
688 22 1
689 22 1
690 22 1
691 22 0
692 22 0
693 22 1
694 22 1
695 22 0
696 22 0
697 22 0
698 22 0
699 22 1
700 22 1
701 22 1
702 22 1
703 22 1
704 22 1
705 22 1
706 22 1
707 22 0
708 22 1
709 22 1
710 22 0
