-1.000000
-1.000000
-1.000000
-1.000000
-0.165844
-0.149812
-0.102684
-0.030851
0.021486
0.080687
0.161051
0.189130
0.168847
0.151133
0.151397
0.168284
0.070989
-0.006196
-0.030602
-0.025350
0.014401
0.068323
0.127817
0.192233
0.263776
0.328984
0.382133
0.338506
0.248670
0.176151
0.111915
0.055189
0.004262
-0.066697
-0.158574
-0.233743
-0.296518
-0.351067
-0.389479
-0.421336
-0.444730
-0.459510
-0.461849
-0.456717
-0.442651
-0.423077
-0.396120
-0.360424
-0.320600
-0.274554
-0.217469
-0.162978
-0.117798
-0.087546
-0.054070
-0.010224
0.038981
0.098049
0.170125
0.235865
0.262363
0.265665
0.275277
0.299222
0.301499
0.305893
0.291633
0.243021
0.218747
0.198484
0.198126
0.192540
0.166833
0.144307
0.138766
0.150371
0.183001
0.233467
0.284643
0.322304
0.374716
0.427434
0.445368
0.450662
0.427087
0.382609
0.341064
0.293034
0.246276
0.204985
0.174586
0.149322
0.132800
0.127318
0.123353
0.124671
0.128302
0.119914
0.090322
0.060077
0.029059
0.003823
-0.019704
-0.033942
-0.048311
-0.061335
-0.095402
-0.139917
-0.179019
-0.220855
-0.260771
-0.300208
-0.336084
-0.364124
-0.385798
-0.398307
-0.410620
-0.417521
-0.420566
-0.420661
-0.416869
-0.414819
-0.414872
-0.415085
-0.409093
-0.400575
-0.387256
-0.362245
-0.335815
-0.299663
-0.260401
-0.225518
-0.193664
-0.155370
-0.116713
-0.071077
-0.021483
0.026270
0.077448
0.132360
0.197574
0.253183
0.289884
0.334474
0.376789
0.414601
0.453749
0.489395
0.524482
0.552498
0.561668
0.557811
0.530655
0.518779
0.505480
0.491377
0.467297
0.424078
0.370230
0.312575
0.246448
0.167005
0.089446
0.014643
-0.055541
-0.122368
-0.184575
-0.248241
-0.314803
-0.376147
-0.433345
-0.484232
-0.522904
-0.558982
-0.590897
-0.615000
-0.630123
-0.632473
-0.628412
-0.615184
-0.591860
-0.564847
-0.530868
-0.491446
-0.450956
-0.404223
-0.356533
-0.304539
-0.249104
-0.187606
-0.123239
-0.057482
0.010300
0.081161
0.149866
0.225609
0.301139
0.373402
0.450398
0.528538
0.598040
0.599778
0.564746
0.537981
0.509057
0.470448
0.432715
0.396591
0.361130
0.329012
0.302003
0.263831
0.231220
0.205719
0.175596
0.143347
0.112290
0.077866
0.045309
0.018833
-0.000903
-0.004609
0.002323
0.001486
-0.005452
-0.006245
-0.000086
0.011248
0.031064
0.049063
0.059093
0.040579
-0.006378
-0.055254
-0.106854
-0.144706
-0.183771
-0.227496
-0.266513
-0.300032
-0.331467
-0.353181
-0.365279
-0.374758
-0.380236
-0.377422
-0.369467
-0.353597
-0.339801
-0.318853
-0.291272
-0.256053
-0.210534
-0.160314
-0.105272
-0.048314
0.017391
0.078346
0.122892
0.137504
0.156180
0.178877
0.212337
0.256458
0.296871
0.333754
0.309440
0.250571
0.202121
0.152090
0.104282
0.063227
0.025230
-0.009810
-0.044669
-0.071592
-0.089033
-0.093366
-0.086492
-0.076357
-0.057756
-0.024036
0.015494
0.049294
0.079099
0.101559
0.092616
0.058737
0.036847
0.008728
-0.012483
-0.022422
-0.026132
-0.026812
-0.023365
-0.007109
0.020981
0.054923
0.095889
0.140712
0.162461
0.163813
0.162689
0.136823
0.095826
0.047217
0.010486
-0.014245
-0.037143
-0.057434
-0.071981
-0.076859
-0.067003
-0.061098
-0.061131
-0.068290
-0.077047
-0.082639
-0.095294
-0.105587
-0.105999
-0.094269
-0.069360
-0.027984
0.013561
0.049586
0.071371
0.060795
0.025044
-0.009354
-0.050769
-0.100086
-0.157214
-0.203790
-0.238360
-0.280191
-0.318834
-0.340721
-0.349033
-0.344208
-0.318412
-0.277927
-0.221037
-0.165292
-0.101124
-0.040381
0.012735
0.068214
0.136303
0.206085
0.253516
0.284382
0.302391
0.305432
0.314210
0.336174
0.375143
0.419182
0.474003
0.505703
0.521039
0.526554
0.515825
0.485164
0.442599
0.411557
0.382959
0.338675
0.288415
0.247828
0.201930
0.147856
0.089782
0.044738
0.009536
-0.012301
-0.027379
-0.035787
-0.059095
-0.106282
-0.147269
-0.180574
-0.208668
-0.229638
-0.238931
-0.237506
-0.228057
-0.216361
-0.196444
-0.176898
-0.153556
-0.121222
-0.080052
-0.031399
0.015462
0.061082
0.102221
0.141891
0.180727
0.210646
0.219654
0.205148
0.172906
0.139444
0.105957
0.075656
0.046325
0.018900
-0.002044
-0.017359
-0.032807
-0.053949
-0.073139
-0.088248
-0.105097
-0.119782
-0.134326
-0.151050
-0.169090
-0.188533
-0.203248
-0.214814
-0.222341
-0.225766
-0.225483
-0.222357
-0.215852
-0.206551
-0.196609
-0.187133
-0.176586
-0.163723
-0.147342
-0.127500
-0.104829
-0.082687
-0.061019
-0.042782
-0.028719
-0.013821
-0.001022
0.012179
0.029984
0.044115
0.056221
0.064717
0.072157
0.073622
0.074055
0.069403
0.058060
0.044015
0.030147
0.017649
0.005103
-0.005959
-0.014200
-0.021261
-0.023939
-0.025031
-0.023962
-0.022944
-0.017351
-0.006690
0.001618
0.014037
0.027302
0.035568
0.042462
0.044840
0.043366
0.040566
0.041013
0.044847
0.046571
0.042017
0.036282
0.028478
0.019290
0.010196
-0.002834
-0.017333
-0.037468
-0.062719
-0.086450
-0.106252
-0.123682
-0.135527
-0.148959
-0.163970
-0.178545
-0.187894
-0.197873
-0.202457
-0.207761
-0.212447
-0.214034
-0.216388
-0.219260
-0.219782
-0.219722
-0.218400
-0.216086
-0.209859
-0.201083
-0.189639
-0.176219
-0.154665
-0.127892
-0.099013
-0.066686
-0.031024
0.009000
0.054569
0.101485
0.154879
0.211109
0.267995
0.322467
0.379494
0.425779
0.459804
0.493736
0.521943
0.510873
0.479496
0.459856
0.444080
0.432906
0.426720
0.390207
0.337332
0.286643
0.240478
0.201836
0.164990
0.132790
0.102258
0.073708
0.041640
0.013224
-0.012435
-0.034051
-0.055745
-0.076910
-0.092655
-0.104499
-0.114882
-0.121371
-0.124008
-0.124495
-0.124541
-0.126874
-0.129151
-0.125062
-0.122955
-0.121516
-0.120901
-0.119687
-0.119438
-0.120035
-0.120238
-0.118639
-0.112577
-0.109821
-0.107608
-0.104973
-0.101286
-0.097250
-0.094018
-0.092980
-0.093900
-0.091291
-0.086842
-0.085128
-0.080193
-0.072424
-0.062896
-0.056278
-0.053091
-0.047553
-0.045812
-0.039860
-0.033145
-0.026249
-0.013628
-0.002171
0.005238
0.007571
0.005973
0.007703
0.011734
0.017346
0.021051
0.025476
0.029796
0.033344
0.038811
0.044499
0.048981
0.050834
0.052493
0.053316
0.053221
0.056414
0.054513
0.053507
0.052987
0.048866
0.043663
0.034980
0.023301
0.009274
-0.005746
-0.020670
-0.035554
-0.052238
-0.068087
-0.087767
-0.108643
-0.131054
-0.158257
-0.181483
-0.209198
-0.231644
-0.251967
-0.269263
-0.284143
-0.298316
-0.310766
-0.320408
-0.324392
-0.327300
-0.329578
-0.328965
-0.325498
-0.323109
-0.316784
-0.310404
-0.299145
-0.283839
-0.266555
-0.247562
-0.229757
-0.210342
-0.183634
-0.151650
-0.114671
-0.071182
-0.022494
0.032679
0.091517
0.152710
0.221504
0.293400
0.363220
0.432800
0.502427
0.566976
0.630028
0.683282
0.715842
0.733314
0.739432
0.736667
0.739483
0.741275
0.740602
0.716014
0.664280
0.598111
0.538960
0.488134
0.406122
0.306298
0.208260
0.120390
0.045548
-0.018717
-0.073532
-0.117837
-0.153965
-0.186520
-0.212034
-0.235748
-0.253990
-0.255858
-0.250971
-0.235185
-0.211472
-0.190584
-0.164251
-0.137577
-0.128137
-0.132353
-0.139014
-0.136590
-0.134947
-0.124584
-0.104355
-0.081117
-0.055333
-0.024601
-0.002428
-0.010787
-0.032345
-0.049467
-0.061953
-0.073188
-0.083564
-0.096972
-0.108185
-0.117823
-0.121290
-0.118805
-0.121894
-0.131263
-0.138614
-0.155864
-0.181832
-0.199995
-0.211606
-0.226999
-0.245513
-0.266315
-0.283327
-0.294528
-0.296567
-0.290531
-0.277986
-0.261975
-0.253830
-0.246486
-0.237926
-0.228359
-0.220598
-0.205245
-0.180407
-0.151491
-0.126367
-0.101249
-0.080570
-0.052171
-0.017833
0.016030
0.055107
0.098642
0.140559
0.187184
0.238934
0.297494
0.360771
0.429788
0.499042
0.562842
0.628524
0.692572
0.731282
0.711537
0.684723
0.633459
0.563130
0.486147
0.408477
0.326635
0.244596
0.165021
0.084684
0.005879
-0.069091
-0.139211
-0.202715
-0.261403
-0.318575
-0.371570
-0.413602
-0.448153
-0.473961
-0.491135
-0.498899
-0.498826
-0.493864
-0.478980
-0.450622
-0.413442
-0.374056
-0.329715
-0.285087
-0.235895
-0.188078
-0.138038
-0.082450
-0.027192
0.026731
0.080626
0.139883
0.198630
0.257016
0.315224
0.365650
0.398784
0.412846
0.414485
0.396916
0.373827
0.350268
0.320283
0.281141
0.234826
0.187841
0.130682
0.078372
0.031271
-0.008604
-0.039102
-0.063225
-0.087573
-0.113169
-0.138002
-0.156905
-0.166405
-0.183392
-0.204126
-0.218094
-0.228499
-0.238080
-0.243064
-0.246063
-0.244365
-0.242334
-0.234576
-0.218394
-0.196724
-0.173250
-0.142899
-0.107739
-0.072082
-0.053168
-0.040544
-0.025911
-0.019496
-0.022856
-0.024337
-0.028588
-0.034900
-0.037909
-0.043388
-0.048296
-0.062554
-0.080305
-0.093930
-0.104183
-0.115031
-0.119049
-0.116791
-0.103027
-0.077981
-0.043061
-0.006952
0.032309
0.078728
0.114759
0.126325
0.125678
0.134933
0.147844
0.160642
0.171471
0.182161
0.197116
0.204988
0.178361
0.130787
0.086444
0.021816
-0.049622
-0.106473
-0.151989
-0.188241
-0.211256
-0.222545
-0.220808
-0.213224
-0.187089
-0.151612
-0.103980
-0.057887
0.001433
0.071956
0.141192
0.177704
0.202338
0.212176
0.223116
0.238696
0.253857
0.251353
0.253326
0.259786
0.269520
0.294959
0.300057
0.284487
0.253689
0.227177
0.211948
0.208661
0.217178
0.209685
0.187718
0.175622
0.160090
0.127307
0.108944
0.082782
0.029136
-0.022109
-0.072371
-0.121423
-0.170406
-0.222970
-0.270462
-0.305358
-0.332920
-0.349358
-0.360581
-0.360091
-0.349305
-0.327469
-0.291313
-0.244549
-0.188090
-0.125226
-0.060441
-0.034232
-0.028641
-0.011684
0.018189
0.065655
0.124361
0.182015
0.190150
0.157346
0.140302
0.126504
0.102718
0.060667
0.023388
-0.034933
-0.082529
-0.127346
-0.176524
-0.215064
-0.240275
-0.244717
-0.239148
-0.225815
-0.202465
-0.196905
-0.197256
-0.182698
-0.160286
-0.147360
-0.148758
-0.141022
-0.120543
-0.093501
-0.055630
-0.011679
0.014657
0.042642
0.064666
0.085697
0.106542
0.139069
0.175467
0.214314
0.257102
0.294029
0.329100
0.388168
0.451420
0.503845
0.537826
0.557809
0.570824
0.584341
0.600197
0.614364
0.616274
0.617431
0.606247
0.551980
0.484562
0.423831
0.361463
0.282493
0.196168
0.116689
0.042988
-0.023390
-0.076856
-0.120204
-0.154522
-0.180974
-0.204767
-0.221242
-0.238046
-0.259588
-0.282261
-0.299636
-0.313117
-0.327846
-0.340478
-0.349193
-0.351483
-0.355616
-0.361865
-0.367779
-0.367206
-0.365220
-0.362894
-0.365131
-0.360032
-0.359218
-0.366256
-0.374122
-0.371999
-0.373266
-0.366558
-0.351935
-0.330444
-0.311435
-0.288354
-0.259919
-0.229586
-0.197363
-0.162044
-0.123413
-0.084733
-0.039069
0.007074
0.032137
0.054963
0.075276
0.097289
0.117599
0.144283
0.182316
0.229088
0.274410
0.320923
0.372588
0.421487
0.455197
0.492073
0.519394
0.527298
0.509832
0.497245
0.478619
0.434546
0.378577
0.311884
0.240521
0.177535
0.108839
0.042313
-0.014754
-0.061484
-0.097367
-0.125521
-0.143675
-0.154619
-0.154867
-0.152068
-0.149859
-0.142793
-0.135350
-0.124478
-0.118887
-0.117632
-0.113818
-0.108799
-0.108304
-0.107270
-0.111878
-0.117627
-0.126041
-0.128255
-0.132281
-0.137326
-0.137035
-0.125110
-0.115519
-0.101600
-0.083806
-0.063555
-0.042632
-0.028492
-0.016559
-0.008173
0.000415
0.001656
0.007897
0.015680
0.026953
0.040871
0.046635
0.048281
0.043072
0.040074
0.032819
0.020257
0.007579
0.002964
-0.005613
-0.013620
-0.020974
-0.019144
-0.010467
0.003225
0.017098
0.031347
0.041318
0.045899
0.048867
0.049193
0.052421
0.056186
0.061379
0.057651
0.052372
0.037064
0.016565
-0.000705
-0.019052
-0.046406
-0.075325
-0.106131
-0.137607
-0.169612
-0.197626
-0.214572
-0.221296
-0.225938
-0.232193
-0.239184
-0.244542
-0.253012
-0.262043
-0.265096
-0.275000
-0.287152
-0.295163
-0.299496
-0.296427
-0.293436
-0.288801
-0.281972
-0.271056
-0.260138
-0.242535
-0.217078
-0.185896
-0.157835
-0.120086
-0.082120
-0.042070
-0.014663
-0.001250
0.013214
0.028795
0.048579
0.060781
0.071381
0.079349
0.081167
0.082817
0.091587
0.095815
0.113303
0.143083
0.181753
0.233558
0.291607
0.334530
0.352952
0.374963
0.389973
0.409410
0.409610
0.389186
0.366040
0.370751
0.365256
0.345792
0.330600
0.313337
0.286342
0.246425
0.220742
0.202162
0.189712
0.158443
0.115918
0.076170
0.037871
-0.012614
-0.056717
-0.105409
-0.136181
-0.156124
-0.174367
-0.183785
-0.178122
-0.156028
-0.131302
-0.090852
-0.033649
0.026296
0.062133
0.098232
0.130485
0.147803
0.148290
0.136012
0.124251
0.097863
0.080471
0.048141
0.010427
-0.036989
-0.078199
-0.106091
-0.122879
-0.132080
-0.133858
-0.135856
-0.139578
-0.134152
-0.148808
-0.184516
-0.197393
-0.203836
-0.198151
-0.179582
-0.167902
-0.149101
-0.121523
-0.125417
-0.142579
-0.158113
-0.167391
-0.169582
-0.159438
-0.150509
-0.129130
-0.092166
-0.050171
-0.008124
0.035419
0.084987
0.138262
0.173768
0.206252
0.213431
0.215590
0.230747
0.252359
0.279151
0.259964
0.216792
0.180072
0.149750
0.123721
0.095436
0.052951
0.021000
-0.005367
-0.018223
-0.016619
-0.000895
0.027559
0.055069
0.092124
0.138525
0.203997
0.273110
0.330151
0.369491
0.384035
0.387682
0.401960
0.412872
0.385661
0.341570
0.305760
0.276573
0.248314
0.182432
0.112387
0.043516
-0.014453
-0.064283
-0.105104
-0.140466
-0.168314
-0.180000
-0.186238
-0.180978
-0.170943
-0.162881
-0.160537
-0.162649
-0.164238
-0.163930
-0.149869
-0.131006
-0.114863
-0.090173
-0.068502
-0.072661
-0.087088
-0.107534
-0.126061
-0.147349
-0.166586
-0.181419
-0.190610
-0.194660
-0.193163
-0.189334
-0.189734
-0.191091
-0.187973
-0.181539
-0.183484
-0.183248
-0.191291
-0.202178
-0.214023
-0.229477
-0.242098
-0.248035
-0.248433
-0.239521
-0.235772
-0.228692
-0.217850
-0.209297
-0.204557
-0.198067
-0.182686
-0.165611
-0.152021
-0.139911
-0.125737
-0.101317
-0.068150
-0.028542
0.018971
0.066517
0.110694
0.138568
0.154295
0.169518
0.187383
0.206353
0.231152
0.254269
0.278954
0.307387
0.318456
0.296701
0.277483
0.260017
0.250488
0.249936
0.251999
0.251819
0.242678
0.223751
0.179170
0.113453
0.043490
-0.021451
-0.081223
-0.136133
-0.187421
-0.230376
-0.269462
-0.308249
-0.342549
-0.370755
-0.386027
-0.387425
-0.378698
-0.362534
-0.342247
-0.322270
-0.296110
-0.259113
-0.214765
-0.166212
-0.114061
-0.060357
-0.001479
0.065850
0.135596
0.210958
0.296576
0.385037
0.470342
0.535825
0.557898
0.575840
0.596654
0.607274
0.594628
0.568127
0.516596
0.455625
0.393639
0.336507
0.283498
0.232221
0.181301
0.132050
0.087158
0.047761
0.004148
-0.036338
-0.076951
-0.113931
-0.143542
-0.165552
-0.178310
-0.188624
-0.195813
-0.197621
-0.195854
-0.191895
-0.185634
-0.177406
-0.169875
-0.163429
-0.156978
-0.158148
-0.161146
-0.162656
-0.162194
-0.159382
-0.156761
-0.154824
-0.154048
-0.154732
-0.151463
-0.143942
-0.133203
-0.116882
-0.095984
-0.074577
-0.052781
-0.038243
-0.027725
-0.010588
0.004068
0.011631
0.018921
0.023946
0.025796
0.022116
0.017508
0.016833
0.014333
0.012447
0.009419
0.007294
0.009081
0.012555
0.017471
0.025467
0.032364
0.038747
0.045276
0.049698
0.050845
0.050771
0.051058
0.048924
0.048621
0.045904
0.044730
0.042819
0.035839
0.027134
0.020912
0.012526
0.006157
0.001269
-0.004862
-0.010174
-0.018880
-0.026687
-0.031916
-0.035781
-0.035666
-0.034216
-0.032752
-0.030741
-0.028296
-0.024953
-0.020247
-0.014580
-0.012252
-0.008012
-0.007709
-0.005735
-0.002417
0.000935
0.001594
-0.000624
-0.004546
-0.005983
-0.010335
-0.011764
-0.012510
-0.009956
-0.002863
-0.001602
-0.000863
-0.000289
0.000193
0.000138
0.001618
0.002869
0.004499
0.004187
0.002596
-0.002142
-0.005420
-0.008833
-0.014008
-0.018513
-0.023920
-0.027448
-0.029473
-0.030981
-0.033551
-0.037014
-0.037723
-0.040378
-0.040674
-0.037196
-0.029405
-0.018892
-0.006477
0.003688
0.010998
0.019900
0.025793
0.032506
0.035595
0.037295
0.038574
0.043003
0.043955
0.044264
0.049245
0.052976
0.054744
0.053964
0.051742
0.051756
0.050738
0.049368
0.045817
0.043207
0.039672
0.035836
0.027739
0.019018
0.009496
0.001791
-0.003969
-0.004990
-0.004913
-0.006503
-0.008850
-0.011525
-0.010398
-0.011119
-0.013234
-0.014669
-0.015619
-0.016395
-0.016586
-0.017600
-0.015559
-0.009414
-0.004840
-0.003323
-0.003434
-0.002157
-0.004794
-0.008382
-0.015451
-0.022527
-0.026732
-0.030494
-0.029099
-0.028905
-0.028496
-0.028576
-0.031462
-0.032582
-0.032047
-0.032368
-0.035853
-0.039708
-0.043903
-0.046958
-0.047909
-0.044920
-0.038719
-0.032817
-0.029565
-0.023376
-0.014624
-0.009072
-0.005456
-0.000878
0.003521
0.011388
0.019612
0.027439
0.035409
0.040270
0.046344
0.051669
0.058014
0.062778
0.069324
0.067894
0.064066
0.060514
0.053877
0.050175
0.047603
0.045481
0.048132
0.048713
0.049293
0.049342
0.045868
0.038969
0.031559
0.023183
0.012188
0.004550
-0.000717
-0.005690
-0.010507
-0.015372
-0.021652
-0.027489
-0.035432
-0.045216
-0.054436
-0.064302
-0.072554
-0.077011
-0.076350
-0.070648
-0.067142
-0.064034
-0.064798
-0.064530
-0.063867
-0.061270
-0.057734
-0.055110
-0.047613
-0.035676
-0.024791
-0.015717
-0.010839
-0.003290
0.003250
0.009817
0.018139
0.028313
0.035914
0.041675
0.047921
0.047542
0.047293
0.045626
0.043364
0.042641
0.043245
0.039243
0.033969
0.030576
0.027043
0.021201
0.015809
0.012879
0.002876
-0.006460
-0.012442
-0.009868
-0.007530
-0.007823
-0.009102
-0.010672
-0.007206
-0.002793
0.002472
0.008416
0.013462
0.019990
0.025117
0.028038
0.026960
0.028471
0.029949
0.027369
0.023800
0.019960
0.015438
0.013447
0.018891
0.023302
0.025936
0.026367
0.024556
0.025313
0.020728
0.016954
0.012596
0.003641
-0.005215
-0.011855
-0.020768
-0.026908
-0.032670
-0.035376
-0.035784
-0.035872
-0.035402
-0.036966
-0.037245
-0.034626
-0.028707
-0.024819
-0.021179
-0.014969
-0.008339
-0.004287
0.001070
0.007051
0.012354
0.015234
0.020206
0.025059
0.026724
0.029224
0.037590
0.045498
0.051135
0.053087
0.050439
0.044166
0.038218
0.030319
0.025439
0.016114
0.004497
-0.005570
-0.011752
-0.014726
-0.013142
-0.008655
-0.002938
0.001018
0.005452
0.006659
0.004600
-0.001953
-0.011133
-0.024068
-0.035474
-0.046575
-0.059457
-0.067729
-0.071272
-0.071915
-0.073852
-0.077228
-0.081029
-0.087504
-0.096815
-0.104523
-0.111292
-0.115948
-0.120853
-0.125331
-0.130798
-0.138402
-0.144707
-0.149099
-0.156011
-0.161799
-0.167815
-0.173009
-0.175813
-0.173762
-0.167072
-0.163535
-0.153569
-0.145682
-0.133696
-0.122898
-0.105193
-0.081589
-0.056478
-0.032213
-0.007285
0.020063
0.051812
0.085173
0.122753
0.164228
0.208987
0.250800
0.290411
0.324574
0.352601
0.366816
0.358671
0.342418
0.317424
0.283822
0.247352
0.211531
0.177876
0.145367
0.108945
0.076941
0.054317
0.033507
0.014616
0.009548
0.007594
0.010847
0.012804
0.018107
0.024728
0.039345
0.060316
0.081361
0.107252
0.133517
0.164282
0.195514
0.225726
0.260698
0.289229
0.261823
0.208580
0.153941
0.100950
0.051267
0.009031
-0.032083
-0.077385
-0.122251
-0.167786
-0.207222
-0.241849
-0.261320
-0.271262
-0.275420
-0.279605
-0.284312
-0.291449
-0.299781
-0.311085
-0.320617
-0.325714
-0.327932
-0.325380
-0.317346
-0.311040
-0.298004
-0.281651
-0.282702
-0.295499
-0.296196
-0.285130
-0.274528
-0.257778
-0.242168
-0.215910
-0.184745
-0.155507
-0.131733
-0.106900
-0.078255
-0.046668
-0.017399
0.021936
0.071007
0.126681
0.181739
0.242191
0.300693
0.330084
0.330817
0.340565
0.362305
0.389762
0.430883
0.478242
0.534484
0.573642
0.613626
0.625704
0.607329
0.594105
0.567297
0.510155
0.424249
0.320538
0.227799
0.143237
0.069994
0.006479
-0.050677
-0.099736
-0.147715
-0.194609
-0.236030
-0.272307
-0.294812
-0.309588
-0.324862
-0.336894
-0.335132
-0.324320
-0.315093
-0.301895
-0.293338
-0.283257
-0.266408
-0.242034
-0.221199
-0.201987
-0.175758
-0.146898
-0.112042
-0.068453
-0.020452
0.031961
0.085218
0.138503
0.154692
0.162264
0.159940
0.164816
0.173776
0.192862
0.222563
0.233846
0.221207
0.187541
0.135420
0.076901
0.018452
-0.040209
-0.103850
-0.165768
-0.224016
-0.266856
-0.299222
-0.324451
-0.347416
-0.364827
-0.369181
-0.364664
-0.361237
-0.356811
-0.331757
-0.295699
-0.245242
-0.190206
-0.120779
-0.045400
0.041540
0.126355
0.204074
0.262578
0.294233
0.305528
0.324290
0.351941
0.374641
0.395786
0.423887
0.461277
0.506070
0.537699
0.524757
0.469872
0.400930
0.327521
0.251413
0.184784
0.128598
0.084776
0.048402
0.019152
0.000385
-0.023221
-0.067260
-0.104590
-0.129840
-0.149797
-0.165122
-0.173795
-0.172625
-0.168020
-0.155970
-0.144732
-0.130275
-0.111523
-0.118521
-0.134320
-0.140672
-0.139180
-0.130924
-0.114574
-0.095535
-0.066745
-0.032379
0.012278
0.056186
0.102733
0.154002
0.196962
0.177872
0.122595
0.072997
0.026695
-0.018552
-0.059717
-0.101635
-0.136051
-0.158213
-0.174241
-0.188585
-0.208293
-0.236214
-0.265542
-0.286931
-0.302729
-0.310997
-0.314182
-0.314348
-0.310237
-0.301075
-0.290783
-0.283642
-0.276766
-0.266355
-0.251252
-0.232762
-0.214313
-0.189852
-0.162521
-0.140911
-0.114837
-0.099255
-0.100851
-0.112800
-0.127616
-0.142145
-0.143063
-0.135647
-0.120520
-0.091196
-0.050319
-0.001982
0.054971
0.122548
0.204300
0.291780
0.386064
0.477106
0.558796
0.593849
0.605088
0.606541
0.602147
0.610382
0.620926
0.639299
0.650787
0.644256
0.621495
0.584492
0.528058
0.464710
0.414105
0.385667
0.339012
0.269069
0.205522
0.137526
0.063425
-0.005394
-0.062653
-0.106132
-0.148964
-0.181161
-0.200400
-0.209200
-0.220170
-0.234041
-0.256459
-0.280499
-0.302827
-0.322699
-0.337150
-0.347485
-0.354869
-0.362617
-0.364199
-0.362794
-0.357617
-0.343451
-0.326481
-0.301015
-0.280960
-0.257979
-0.231046
-0.192080
-0.149508
-0.105002
-0.060889
-0.018037
0.027777
0.071459
0.113575
0.160590
0.208928
0.250405
0.285786
0.258053
0.217842
0.176113
0.145021
0.115166
0.093837
0.068463
0.029149
-0.009056
-0.046900
-0.089985
-0.133500
-0.179323
-0.221615
-0.258221
-0.288693
-0.303065
-0.312263
-0.321412
-0.324358
-0.320971
-0.313835
-0.300516
-0.281937
-0.266463
-0.249117
-0.234262
-0.216804
-0.196204
-0.171643
-0.141422
-0.108011
-0.069556
-0.020115
0.037242
0.093265
0.150223
0.206357
0.253365
0.284460
0.318670
0.332410
0.321719
0.308806
0.303007
0.302820
0.311707
0.312907
0.319977
0.326122
0.340662
0.355824
0.378317
0.394508
0.410281
0.418996
0.412643
0.397122
0.374867
0.347760
0.309448
0.258958
0.200449
0.142336
0.086000
0.032680
-0.017355
-0.064884
-0.115704
-0.158001
-0.199291
-0.238074
-0.273315
-0.310012
-0.351298
-0.381897
-0.402993
-0.423570
-0.438032
-0.447012
-0.450464
-0.446364
-0.437817
-0.418530
-0.397189
-0.373492
-0.343214
-0.305317
-0.264184
-0.220489
-0.171959
-0.129881
-0.086361
-0.042801
-0.005452
0.033695
0.072142
0.106985
0.139708
0.168143
0.190181
0.198317
0.193143
0.180938
0.162030
0.145372
0.123144
0.095023
0.062259
0.034476
0.007944
-0.013233
-0.032738
-0.050672
-0.067570
-0.081388
-0.090454
-0.096266
-0.093125
-0.071403
-0.037536
-0.002820
0.034372
0.067786
0.086780
0.110180
0.141970
0.186173
0.237520
0.295845
0.355493
0.415439
0.470804
0.521586
0.519931
0.485501
0.457978
0.430999
0.398914
0.361598
0.313592
0.253489
0.187722
0.120563
0.055490
-0.001578
-0.055963
-0.112892
-0.170399
-0.232214
-0.293466
-0.350640
-0.400842
-0.446735
-0.481858
-0.510758
-0.530083
-0.548010
-0.556428
-0.555294
-0.545175
-0.528577
-0.510338
-0.486254
-0.459205
-0.429467
-0.394552
-0.356606
-0.313130
-0.267578
-0.219423
-0.169398
-0.115052
-0.060229
0.000908
0.059954
0.120798
0.189159
0.260065
0.332084
0.389002
0.422065
0.429491
0.424301
0.409438
0.399561
0.397995
0.395278
0.390623
0.380783
0.371444
0.328937
0.260167
0.195233
0.143700
0.103861
0.070221
0.039814
0.007766
-0.022195
-0.040949
-0.049597
-0.050833
-0.043402
-0.033969
-0.033658
-0.026302
-0.043950
-0.093442
-0.151743
-0.195583
-0.231136
-0.257155
-0.273653
-0.275260
-0.262757
-0.231196
-0.193184
-0.153015
-0.102014
-0.038016
0.019909
0.041516
0.062751
0.059056
0.039360
0.025810
0.022806
0.027899
0.045686
0.077608
0.107049
0.147196
0.198148
0.253335
0.310024
0.371525
0.429773
0.490137
0.531814
0.530075
0.506000
0.468909
0.424426
0.368104
0.305926
0.246196
0.190389
0.141180
0.097655
0.062874
0.034169
0.009240
-0.009180
-0.021866
-0.034883
-0.067854
-0.108074
-0.144810
-0.171494
-0.189331
-0.207057
-0.219560
-0.226664
-0.227186
-0.223234
-0.217409
-0.214374
-0.206230
-0.190692
-0.177459
-0.170128
-0.163874
-0.160244
-0.161579
-0.160126
-0.158332
-0.151433
-0.144291
-0.132112
-0.120911
-0.109088
-0.096647
-0.084423
-0.073432
-0.061568
-0.046272
-0.027927
-0.008763
0.002887
0.009897
0.011981
0.011135
0.009038
0.007691
0.004649
-0.000089
-0.005152
-0.007904
-0.008879
-0.011611
-0.013746
-0.017381
-0.021142
-0.024791
-0.030862
-0.035031
-0.038529
-0.042172
-0.043608
-0.045474
-0.044258
-0.044042
-0.039661
-0.034519
-0.027868
-0.024906
-0.019692
-0.012905
-0.006644
0.001300
0.011107
0.021183
0.026097
0.027372
0.026452
0.027501
0.027800
0.030789
0.033857
0.035137
0.035245
0.033138
0.030097
0.026976
0.026490
0.021200
0.019002
0.018573
0.018075
0.023828
0.022878
0.020777
0.017876
0.015997
0.015958
0.018111
0.020870
0.023337
0.022203
0.018610
0.012272
0.010369
0.008383
0.006842
0.003446
-0.002381
-0.007002
-0.009889
-0.015161
-0.019048
-0.022294
-0.020776
-0.016844
-0.014834
-0.013632
-0.015132
-0.018851
-0.021453
-0.023986
-0.021804
-0.015867
-0.010571
-0.006470
-0.003979
0.000953
0.002259
0.004848
0.008551
0.008841
0.005745
0.003726
0.002049
0.000721
0.000963
0.002774
0.004665
0.007776
0.011455
0.015136
0.019227
0.023425
0.025313
0.028323
0.036308
0.042090
0.042340
0.043989
0.048288
0.053574
0.057125
0.057085
0.054940
0.049597
0.041160
0.027937
0.015375
0.002788
-0.010639
-0.027342
-0.043481
-0.056475
-0.062807
-0.065393
-0.067973
-0.069721
-0.069308
-0.064657
-0.060177
-0.051209
-0.040942
-0.033923
-0.025998
-0.023084
-0.022991
-0.023321
-0.025923
-0.025577
-0.022501
-0.020503
-0.017777
-0.013988
-0.010074
-0.004687
-0.000587
0.000495
-0.002164
-0.003357
-0.001887
-0.004370
-0.008946
-0.012956
-0.014332
-0.016662
-0.019066
-0.022048
-0.021922
-0.022564
-0.021502
-0.017738
-0.014275
-0.014491
-0.009596
-0.001457
0.005133
0.010702
0.016632
0.018770
0.019781
0.021084
0.021492
0.032667
0.045038
0.052266
0.057807
0.059191
0.062869
0.069004
0.071119
0.069787
0.066241
0.057746
0.049180
0.040927
0.033977
0.028329
0.021479
0.016452
0.008473
0.000506
-0.005835
-0.011781
-0.019198
-0.024177
-0.026590
-0.029568
-0.030351
-0.027529
-0.029701
-0.034813
-0.036539
-0.034643
-0.031419
-0.028030
-0.027106
-0.022841
-0.016997
-0.011517
-0.005826
-0.000484
0.001903
0.007867
0.015907
0.023267
0.030871
0.036479
0.038387
0.037257
0.032795
0.025991
0.024958
0.028589
0.030085
0.027080
0.021465
0.016546
0.014743
0.010991
0.003105
-0.007900
-0.018317
-0.023389
-0.026974
-0.029186
-0.029911
-0.031142
-0.031672
-0.031024
-0.031872
-0.028974
-0.023710
-0.014122
-0.004119
0.001536
0.003793
0.006038
0.005322
-0.000300
-0.006506
-0.011386
-0.014474
-0.013136
-0.014062
-0.014037
-0.015570
-0.012215
-0.012288
-0.011669
-0.012695
-0.016315
-0.016078
-0.013547
-0.013020
-0.013052
-0.013212
-0.007686
-0.004576
-0.004519
-0.002045
0.001101
0.005228
0.009630
0.015739
0.017084
0.016577
0.018724
0.016094
0.010218
0.004844
0.001169
-0.002236
-0.004913
-0.008925
-0.017225
-0.026362
-0.035808
-0.044265
-0.052096
-0.062900
-0.067013
-0.066915
-0.066039
-0.066667
-0.072287
-0.074778
-0.076348
-0.081020
-0.087381
-0.092126
-0.095246
-0.097759
-0.096540
-0.092879
-0.086891
-0.080542
-0.069583
-0.054688
-0.041205
-0.027111
-0.010120
0.009919
0.027564
0.045053
0.062259
0.078475
0.098174
0.116258
0.133334
0.154803
0.174364
0.189358
0.202682
0.211693
0.218753
0.228300
0.232618
0.179784
0.106749
0.039046
-0.022090
-0.071671
-0.110740
-0.144398
-0.171559
-0.191264
-0.205339
-0.213289
-0.213805
-0.208514
-0.194047
-0.176404
-0.149540
-0.119626
-0.084908
-0.055398
-0.032716
-0.009840
0.013129
0.031513
0.055340
0.077835
0.095088
0.097886
0.095563
0.095298
0.096446
0.100449
0.112286
0.132269
0.150996
0.169040
0.184873
0.204655
0.229355
0.251806
0.271145
0.285772
0.306888
0.325715
0.338639
0.330454
0.298447
0.253216
0.209196
0.165148
0.119882
0.060347
-0.010594
-0.074897
-0.134780
-0.185070
-0.230642
-0.269060
-0.298549
-0.322770
-0.341862
-0.355563
-0.364658
-0.366953
-0.364303
-0.357767
-0.339798
-0.317895
-0.297011
-0.280862
-0.269962
-0.256655
-0.242789
-0.225619
-0.208725
-0.186786
-0.162338
-0.135992
-0.105176
-0.070864
-0.034415
0.007234
0.050025
0.089707
0.133562
0.176869
0.215603
0.255367
0.289231
0.311053
0.337054
0.367390
0.399604
0.440580
0.439275
0.377229
0.313645
0.251354
0.195884
0.144698
0.090602
0.035250
-0.016572
-0.065480
-0.136862
-0.203594
-0.262519
-0.311987
-0.356324
-0.385329
-0.398023
-0.398491
-0.376997
-0.347166
-0.304714
-0.254156
-0.198402
-0.146138
-0.084507
-0.020957
0.049570
0.118754
0.192640
0.272404
0.361968
0.442508
0.484237
0.508894
0.523973
0.529305
0.536951
0.534687
0.512911
0.445627
0.384472
0.323269
0.262565
0.206354
0.156699
0.109997
0.072493
0.037431
0.006240
-0.024065
-0.058954
-0.101732
-0.140513
-0.165087
-0.183586
-0.201805
-0.221182
-0.244359
-0.284656
-0.346627
-0.395760
-0.437165
-0.492963
-0.542687
-0.589042
-0.625015
-0.648793
-0.649587
-0.634019
-0.603530
-0.572421
-0.536700
-0.516923
-0.501829
-0.483093
-0.452481
-0.411658
-0.362076
-0.302140
-0.232414
-0.156492
-0.082143
-0.004277
0.082667
0.159378
0.204475
0.244057
0.280288
0.315278
0.358805
0.404012
0.421067
0.421812
0.435155
0.454037
0.484927
0.521630
0.560797
0.595821
0.589534
0.567722
0.563522
0.569492
0.588797
0.610341
0.600037
0.561527
0.527806
0.493943
0.462326
0.424849
0.373487
0.304964
0.237629
0.170094
0.108739
0.051599
0.005345
-0.037549
-0.075338
-0.109486
-0.137542
-0.162280
-0.183873
-0.204257
-0.217525
-0.226614
-0.232631
-0.234714
-0.229708
-0.219935
-0.201947
-0.172809
-0.140703
-0.109584
-0.082057
-0.058422
-0.068247
-0.088735
-0.105286
-0.124077
-0.140088
-0.154319
-0.163654
-0.169856
-0.172638
-0.172018
-0.169300
-0.164616
-0.161996
-0.153376
-0.143594
-0.131253
-0.116448
-0.103874
-0.093710
-0.084660
-0.072341
-0.055702
-0.035263
-0.016251
-0.002754
0.005370
0.015126
0.021026
0.023769
0.026118
0.028659
0.028174
0.022497
0.016911
0.013734
0.008044
-0.000541
-0.008436
-0.016546
-0.027702
-0.040325
-0.049739
-0.049009
-0.045022
-0.043075
-0.041997
-0.037045
-0.029780
-0.027220
-0.030181
-0.035553
-0.039744
-0.043974
-0.048752
-0.056423
-0.062506
-0.066289
-0.068639
-0.069423
-0.069136
-0.067907
-0.067145
-0.065531
-0.062047
-0.059193
-0.055019
-0.052929
-0.049958
-0.051053
-0.051396
-0.051445
-0.047535
-0.042502
-0.042277
-0.042278
-0.039135
-0.036814
-0.035984
-0.033212
-0.030276
-0.024015
-0.012264
0.000837
0.017547
0.031981
0.044793
0.063094
0.085729
0.108209
0.131972
0.154475
0.181330
0.210293
0.238067
0.266644
0.297312
0.324678
0.333797
0.322685
0.296702
0.256834
0.215314
0.176126
0.138782
0.105604
0.075697
0.047944
0.022470
-0.000370
-0.021605
-0.038877
-0.053549
-0.066143
-0.078805
-0.088383
-0.098683
-0.107682
-0.115322
-0.118470
-0.118716
-0.116009
-0.112510
-0.109922
-0.103840
-0.098631
-0.089040
-0.083514
-0.082418
-0.081977
-0.082945
-0.081308
-0.082745
-0.083966
-0.086682
-0.088282
-0.089991
-0.092346
-0.092889
-0.090767
-0.088125
-0.083221
-0.078893
-0.072231
-0.064291
-0.052955
-0.042216
-0.031294
-0.021362
-0.017915
-0.014024
-0.011219
-0.004566
0.002853
0.009176
0.014647
0.017445
0.021717
0.025020
0.026589
0.031053
0.036668
0.044303
0.045906
0.044006
0.043134
0.044720
0.048432
0.055942
0.066788
0.078304
0.087367
0.095879
0.103662
0.110027
0.116399
0.119504
0.120089
0.114303
0.103689
0.095511
0.089935
0.085637
0.084211
0.079692
0.072038
0.055058
0.034654
0.015384
-0.001789
-0.016704
-0.035632
-0.058007
-0.079027
-0.098135
-0.110262
-0.121400
-0.132582
-0.146243
-0.163211
-0.180579
-0.200788
-0.216180
-0.233574
-0.250343
-0.265754
-0.276016
-0.279313
-0.286469
-0.296840
-0.305375
-0.307600
-0.306314
-0.304206
-0.302183
-0.294623
-0.282304
-0.276252
-0.269754
-0.258344
-0.240043
-0.213035
-0.182876
-0.146728
-0.107303
-0.064466
-0.020471
0.028296
0.075105
0.128602
0.184197
0.237784
0.288207
0.339514
0.387975
0.429257
0.442876
0.438723
0.428634
0.414427
0.400306
0.390609
0.376510
0.368494
0.365708
0.366255
0.366741
0.365539
0.366961
0.365573
0.357098
0.296663
0.228782
0.173630
0.119754
0.065660
0.030839
0.015560
-0.017114
-0.060994
-0.099987
-0.130473
-0.154326
-0.176779
-0.187872
-0.215620
-0.244362
-0.295566
-0.351753
-0.386352
-0.403228
-0.417349
-0.407768
-0.382899
-0.343024
-0.288344
-0.219587
-0.146220
-0.070040
-0.000165
0.068040
0.135139
0.192120
0.234397
0.260919
0.292472
0.331429
0.369551
0.398344
0.393468
0.385227
0.350199
0.315470
0.268343
0.231935
0.207147
0.190509
0.178549
0.174408
0.170944
0.167721
0.180868
0.193771
0.176304
0.131471
0.080896
0.040153
0.008428
0.000431
0.003480
0.021089
0.046942
0.033660
-0.005529
-0.036000
-0.077849
-0.124944
-0.166767
-0.196524
-0.223386
-0.248437
-0.270785
-0.283722
-0.285834
-0.281822
-0.273949
-0.262915
-0.283924
-0.311938
-0.340764
-0.375057
-0.407425
-0.433090
-0.448113
-0.459610
-0.458541
-0.435470
-0.407525
-0.384792
-0.354609
-0.329365
-0.299296
-0.267384
-0.233963
-0.197352
-0.153388
-0.096040
-0.036007
0.025672
0.079327
0.109088
0.103240
0.092841
0.088052
0.082648
0.078393
0.078180
0.090518
0.122544
0.169757
0.225705
0.254313
0.286290
0.323480
0.369615
0.419935
0.442943
0.439350
0.444200
0.465241
0.497482
0.544565
0.579630
0.601851
0.591781
0.551033
0.515053
0.487407
0.461785
0.439634
0.415584
0.386904
0.350510
0.272877
0.188697
0.118660
0.062112
0.016670
-0.019935
-0.055569
-0.086673
-0.116613
-0.143779
-0.170532
-0.193983
-0.215572
-0.243472
-0.269997
-0.290119
-0.305594
-0.319624
-0.331574
-0.340964
-0.350235
-0.360583
-0.369163
-0.378080
-0.388346
-0.394642
-0.394715
-0.400394
-0.402972
-0.407218
-0.407507
-0.403519
-0.397340
-0.384885
-0.368132
-0.348195
-0.329319
-0.305621
-0.282467
-0.262399
-0.237835
-0.203696
-0.160985
-0.107123
-0.050296
0.007435
0.065782
0.117598
0.169875
0.219401
0.267428
0.315934
0.370593
0.413291
0.419629
0.417593
0.404052
0.376975
0.350803
0.321797
0.286725
0.240694
0.196695
0.157086
0.122370
0.090955
0.064537
0.034660
0.006241
-0.022087
-0.045775
-0.069710
-0.099619
-0.131915
-0.159683
-0.178073
-0.189130
-0.190897
-0.186531
-0.179708
-0.165754
-0.143506
-0.121018
-0.099943
-0.079273
-0.062768
-0.043098
-0.017601
0.002615
0.022879
0.047923
0.075681
0.106552
0.134887
0.160134
0.179466
0.166364
0.133634
0.111690
0.095438
0.063379
0.025529
-0.000714
-0.039333
-0.080435
-0.109071
-0.127863
-0.139422
-0.145021
-0.144305
-0.143608
-0.146458
-0.145766
-0.143510
-0.136079
-0.113611
-0.086073
-0.051342
-0.013100
0.012756
0.034639
0.067978
0.105933
0.149845
0.185915
0.211158
0.243391
0.278788
0.314717
0.344434
0.369355
0.391838
0.407094
0.404778
0.392068
0.372520
0.346386
0.316482
0.272472
0.228085
0.183913
0.143143
0.099365
0.051378
0.005175
-0.033364
-0.064567
-0.094979
-0.119252
-0.142115
-0.165258
-0.187302
-0.208229
-0.223875
-0.236109
-0.239390
-0.241942
-0.240586
-0.237040
-0.229076
-0.220663
-0.210882
-0.202865
-0.192963
-0.182224
-0.167184
-0.151114
-0.131823
-0.112433
-0.099008
-0.079361
-0.056329
-0.033355
-0.013942
0.000984
0.010901
0.021090
0.030475
0.038247
0.043063
0.047359
0.048168
0.049878
0.052306
0.049346
0.049540
0.048513
0.047906
0.050604
0.057452
0.062660
0.071629
0.073857
0.068158
0.064110
0.060004
0.052537
0.043113
0.035164
0.024988
0.016474
0.006929
-0.002944
-0.012438
-0.020752
-0.028248
-0.031474
-0.033532
-0.037716
-0.043359
-0.049355
-0.056477
-0.062672
-0.067265
-0.068341
-0.065676
-0.062419
-0.057102
-0.052305
-0.043645
-0.038249
-0.035221
-0.035057
-0.031640
-0.022580
-0.015936
-0.012199
-0.010826
-0.010178
-0.007740
-0.004777
-0.004340
-0.004016
-0.002740
0.001052
0.004588
0.007670
0.010412
0.014751
0.022273
0.029855
0.033161
0.034664
0.032395
0.032530
0.032068
0.031164
0.028709
0.022396
0.017062
0.013016
0.005760
-0.002078
-0.009291
-0.012616
-0.012314
-0.014467
-0.018419
-0.022738
-0.027677
-0.032712
-0.038080
-0.040401
-0.041130
-0.039219
-0.038198
-0.036629
-0.035310
-0.037635
-0.037399
-0.037176
-0.037579
-0.034533
-0.025952
-0.014329
-0.002933
0.008246
0.016363
0.021079
0.023529
0.024259
0.025050
0.023218
0.025235
0.028025
0.033338
0.039315
0.041529
0.038928
0.039348
0.038706
0.038632
0.036202
0.036284
0.037918
0.040579
0.040667
0.039482
0.035845
0.033421
0.030607
0.026472
0.023002
0.019016
0.014133
0.007613
0.004187
0.000465
-0.003322
-0.005818
-0.006391
-0.010127
-0.014262
-0.017584
-0.017877
-0.019983
-0.022297
-0.020494
-0.017401
-0.011962
-0.007376
-0.006968
-0.011222
-0.015298
-0.018073
-0.018771
-0.018790
-0.015179
-0.014470
-0.010795
-0.005906
-0.005273
-0.006075
-0.009113
-0.015296
-0.022197
-0.028131
-0.034282
-0.038744
-0.042350
-0.044067
-0.043703
-0.040982
-0.038517
-0.034771
-0.029482
-0.025054
-0.017564
-0.007498
-0.000885
0.000751
0.002371
0.003707
0.009533
0.014745
0.019065
0.020860
0.025599
0.030183
0.036583
0.040677
0.041810
0.041019
0.040085
0.037792
0.034325
0.029526
0.024461
0.021696
0.014927
0.005176
-0.001564
-0.005913
-0.008362
-0.008940
-0.011333
-0.012150
-0.013421
-0.014620
-0.013856
-0.011322
-0.009671
-0.010542
-0.011113
-0.014154
-0.015623
-0.012999
-0.010521
-0.007473
-0.004956
-0.003709
-0.002147
0.000530
0.003815
0.009827
0.014275
0.020299
0.024824
0.028918
0.031260
0.028646
0.023581
0.018041
0.013514
0.008087
0.001725
-0.004363
-0.008082
-0.010237
-0.011447
-0.010043
-0.011155
-0.012322
-0.016990
-0.019108
-0.018479
-0.017344
-0.015757
-0.012609
-0.011147
-0.007941
-0.005373
-0.003332
0.000456
0.005699
0.007886
0.008250
0.005597
0.001344
-0.001882
-0.002439
-0.004033
-0.005684
-0.010040
-0.013276
-0.016118
-0.016572
-0.016253
-0.019807
-0.022292
-0.023844
-0.021913
-0.020422
-0.017989
-0.016564
-0.011860
-0.007906
-0.006696
-0.002665
0.001972
0.007234
0.015225
0.026149
0.036507
0.043346
0.050765
0.057377
0.062461
0.064038
0.064641
0.063813
0.059186
0.052878
0.046991
0.041918
0.038005
0.033498
0.029954
0.028111
0.025877
0.021152
0.018168
0.018245
0.021493
0.025863
0.027396
0.023831
0.021374
0.017461
0.013291
0.008894
0.004885
0.001301
-0.006001
-0.014250
-0.023536
-0.029656
-0.035619
-0.042668
-0.052917
-0.061485
-0.064586
-0.062878
-0.059428
-0.055761
-0.051839
-0.051619
-0.050538
-0.049033
-0.047407
-0.045647
-0.041334
-0.034414
-0.030684
-0.028005
-0.020077
-0.009300
-0.000145
0.012284
0.021162
0.029534
0.034680
0.039906
0.042865
0.045170
0.042305
0.038512
0.031966
0.026674
0.017422
0.004614
-0.008543
-0.019563
-0.028386
-0.035114
-0.043080
-0.050031
-0.054546
-0.059232
-0.064727
-0.069554
-0.074745
-0.077625
-0.081252
-0.085198
-0.087063
-0.086353
-0.084876
-0.081973
-0.078622
-0.074935
-0.070901
-0.070468
-0.069129
-0.064491
-0.058796
-0.053322
-0.049633
-0.047033
-0.043666
-0.035556
-0.028700
-0.013990
0.005138
0.025818
0.047808
0.072438
0.100138
0.129265
0.156814
0.182863
0.207620
0.229117
0.250287
0.270471
0.284269
0.270277
0.235042
0.200833
0.167720
0.135328
0.108915
0.090626
0.071914
0.056951
0.043214
0.028435
0.014830
0.002444
-0.005468
-0.008758
-0.009179
-0.018684
-0.031951
-0.041442
-0.050917
-0.058194
-0.069029
-0.081779
-0.095816
-0.107094
-0.118411
-0.128591
-0.131841
-0.128303
-0.125605
-0.121417
-0.122995
-0.122160
-0.115931
-0.108141
-0.102170
-0.093032
-0.080392
-0.067553
-0.052102
-0.035308
-0.020863
-0.010578
-0.000566
0.011075
0.021679
0.029305
0.033592
0.038562
0.045938
0.052614
0.058402
0.062051
0.060391
0.055922
0.051587
0.047075
0.046131
0.047089
0.045569
0.039574
0.036074
0.032608
0.031216
0.028348
0.026356
0.030175
0.036287
0.037798
0.035508
0.033559
0.026947
0.018212
0.006263
-0.007070
-0.019985
-0.029418
-0.037932
-0.046009
-0.054720
-0.064052
-0.072564
-0.078444
-0.082825
-0.088886
-0.092937
-0.093605
-0.093498
-0.087691
-0.080999
-0.075801
-0.071191
-0.060653
-0.050269
-0.037547
-0.026039
-0.019103
-0.009953
0.002606
0.013099
0.026288
0.040920
0.054469
0.065831
0.074197
0.081397
0.086642
0.092902
0.097699
0.096409
0.090680
0.083777
0.073478
0.061819
0.051110
0.043464
0.043433
0.045161
0.044410
0.044016
0.042262
0.037711
0.035055
0.034181
0.028850
0.023159
0.017422
0.010875
0.005526
-0.000261
-0.008290
-0.013382
-0.015339
-0.012575
-0.010670
-0.012500
-0.012310
-0.011715
-0.013024
-0.018675
-0.023451
-0.026059
-0.030442
-0.034202
-0.038092
-0.039963
-0.039503
-0.040437
-0.039179
-0.036433
-0.032931
-0.027508
-0.020328
-0.013619
-0.005856
0.002687
0.009219
0.013222
0.014776
0.014476
0.010677
0.009748
0.006938
0.003567
-0.002612
-0.006811
-0.007234
-0.008763
-0.011403
-0.014481
-0.015749
-0.015858
-0.016454
-0.018653
-0.019949
-0.023660
-0.021906
-0.016882
-0.011333
-0.001776
0.008327
0.016622
0.023384
0.026370
0.025730
0.023134
0.022338
0.022171
0.020169
0.016217
0.010436
0.006184
0.004148
0.003343
0.002604
0.002904
0.002347
0.002019
-0.000780
-0.004254
-0.007400
-0.009484
-0.009887
-0.008286
-0.005436
0.004243
0.015154
0.030026
0.041599
0.051673
0.058822
0.063107
0.066542
0.068221
0.064848
0.059008
0.051214
0.037972
0.023478
0.004354
-0.015073
-0.033362
-0.052994
-0.075098
-0.095858
-0.112629
-0.122383
-0.130055
-0.134020
-0.139171
-0.145081
-0.154602
-0.164052
-0.175316
-0.188924
-0.199373
-0.207812
-0.214593
-0.220655
-0.225942
-0.229327
-0.229719
-0.228540
-0.225834
-0.222064
-0.220835
-0.215918
-0.206120
-0.194516
-0.183644
-0.166625
-0.147554
-0.123969
-0.093279
-0.056044
-0.015258
0.029527
0.070942
0.117122
0.165890
0.218046
0.276268
0.341708
0.407167
0.472839
0.532876
0.582924
0.605535
0.614940
0.617845
0.620623
0.621787
0.572267
0.513446
0.462406
0.414213
0.365929
0.317258
0.257101
0.197346
0.147819
0.100038
0.054670
0.006554
-0.038614
-0.081814
-0.122436
-0.153586
-0.179984
-0.196719
-0.214247
-0.230699
-0.243947
-0.249981
-0.258577
-0.263921
-0.260452
-0.250088
-0.241561
-0.235034
-0.225948
-0.214579
-0.196045
-0.179031
-0.157910
-0.135320
-0.103690
-0.072403
-0.034715
0.003357
0.030065
0.047625
0.051244
0.058588
0.062601
0.060388
0.053850
0.049439
0.045257
0.046379
0.046909
0.047771
0.045544
0.035449
0.016452
0.003281
-0.009119
-0.023022
-0.041191
-0.062837
-0.087833
-0.114822
-0.136982
-0.156442
-0.169316
-0.177582
-0.190485
-0.200919
-0.209271
-0.220902
-0.226947
-0.226226
-0.222642
-0.217674
-0.218016
-0.215315
-0.215732
-0.221383
-0.224362
-0.222260
-0.213774
-0.202073
-0.186050
-0.169384
-0.146113
-0.118097
-0.089401
-0.057827
-0.026497
0.000612
0.023554
0.048700
0.077896
0.106374
0.134763
0.161676
0.193686
0.230670
0.278045
0.334156
0.391494
0.431416
0.421648
0.366930
0.287477
0.218029
0.157278
0.097374
0.043188
-0.000863
-0.042150
-0.077427
-0.111429
-0.136660
-0.152025
-0.161660
-0.170386
-0.177443
-0.191932
-0.209056
-0.221452
-0.222798
-0.218002
-0.209509
-0.199631
-0.184076
-0.163448
-0.141549
-0.111422
-0.071681
-0.026476
0.013005
0.026433
0.049867
0.085951
0.134124
0.196185
0.271602
0.349784
0.419775
0.491833
0.547559
0.569216
0.582404
0.568695
0.537341
0.514021
0.502585
0.504713
0.528076
0.502949
0.448305
0.373895
0.302857
0.230921
0.159554
0.091577
0.018850
-0.054197
-0.118146
-0.174044
-0.217840
-0.246506
-0.259350
-0.261919
-0.257632
-0.244550
-0.230296
-0.224921
-0.225381
-0.227430
-0.227231
-0.222579
-0.217213
-0.201791
-0.189485
-0.188761
-0.190083
-0.190774
-0.197182
-0.201824
-0.202245
-0.201215
-0.190213
-0.176052
-0.157032
-0.132839
-0.115518
-0.098239
-0.078512
-0.069779
-0.067572
-0.067318
-0.067006
-0.068605
-0.074060
-0.082348
-0.086927
-0.089893
-0.097261
-0.106277
-0.112384
-0.113495
-0.115146
-0.114739
-0.115967
-0.138787
-0.165463
-0.186705
-0.209865
-0.233093
-0.246911
-0.253960
-0.247377
-0.231154
-0.207049
-0.179222
-0.150223
-0.121722
-0.093009
-0.051962
-0.009670
0.042810
0.105126
0.174776
0.234514
0.252558
0.242860
0.241530
0.238924
0.239567
0.236516
0.234624
0.241184
0.261647
0.294018
0.330599
0.364140
0.400879
0.442156
0.488332
0.543723
0.601133
0.649261
0.633938
0.586516
0.534126
0.471601
0.401159
0.331103
0.266240
0.204137
0.149712
0.103054
0.053414
-0.004922
-0.061642
-0.117268
-0.165255
-0.205704
-0.239420
-0.266933
-0.282929
-0.289904
-0.295503
-0.303555
-0.316219
-0.329057
-0.342164
-0.356000
-0.367073
-0.367158
-0.355551
-0.342053
-0.332298
-0.320787
-0.311126
-0.298782
-0.288725
-0.279427
-0.275511
-0.268964
-0.266889
-0.270088
-0.276424
-0.279235
-0.281175
-0.286162
-0.281555
-0.265082
-0.243338
-0.216370
-0.187934
-0.161671
-0.133830
-0.106608
-0.085662
-0.068218
-0.052782
-0.038257
-0.012981
0.021253
0.063019
0.113014
0.151356
0.164901
0.156572
0.151019
0.156695
0.164150
0.178808
0.192664
0.210591
0.237220
0.270717
0.299894
0.331853
0.366176
0.414240
0.468148
0.499740
0.535484
0.545628
0.515881
0.488536
0.466257
0.445015
0.411405
0.382016
0.353097
0.291807
0.215662
0.140365
0.062388
-0.013605
-0.075191
-0.125884
-0.166719
-0.199115
-0.225335
-0.245005
-0.259440
-0.276330
-0.282771
-0.281616
-0.294093
-0.321414
-0.343794
-0.364185
-0.373855
-0.375833
-0.365967
-0.381895
-0.404708
-0.425129
-0.435162
-0.436783
-0.438081
-0.435067
-0.416139
-0.386808
-0.347723
-0.304069
-0.254345
-0.199136
-0.141743
-0.085483
-0.021513
0.056663
0.131522
0.184880
0.221688
0.267183
0.313616
0.334360
0.343097
0.349127
0.350261
0.358919
0.375796
0.393693
0.418432
0.431804
0.395026
0.325736
0.270885
0.223151
0.178784
0.133865
0.086495
0.030355
-0.026252
-0.076603
-0.117693
-0.153017
-0.175598
-0.192499
-0.217067
-0.248815
-0.270352
-0.284786
-0.302426
-0.306638
-0.296388
-0.265111
-0.226448
-0.186871
-0.161798
-0.145676
-0.117165
-0.079768
-0.041674
-0.019113
0.025813
0.080839
0.140708
0.213167
0.296330
0.376132
0.450762
0.515915
0.585714
0.631646
0.640375
0.623037
0.590843
0.560726
0.520857
0.473270
0.429911
0.393526
0.361416
0.324555
0.293846
0.269793
0.217145
0.123175
0.025525
-0.062282
-0.134482
-0.200890
-0.261112
-0.311009
-0.352489
-0.385354
-0.412057
-0.439517
-0.455581
-0.465679
-0.469779
-0.472886
-0.474862
-0.484869
-0.490730
-0.496359
-0.496400
-0.491660
-0.476938
-0.454435
-0.429658
-0.398214
-0.356966
-0.305113
-0.249474
-0.193554
-0.128658
-0.059564
0.010064
0.080109
0.146390
0.210503
0.278030
0.343878
0.411451
0.470521
0.512069
0.532137
0.555787
0.529592
0.459367
0.399613
0.338161
0.277428
0.222915
0.169576
0.095379
0.026358
-0.034974
-0.087420
-0.128649
-0.165851
-0.195913
-0.214723
-0.217133
-0.209719
-0.196067
-0.177213
-0.151108
-0.120248
-0.085222
-0.044203
-0.002576
0.032321
0.068232
0.110107
0.136180
0.158581
0.183311
0.218079
0.251828
0.269002
0.259002
0.228265
0.201905
0.180884
0.151176
0.091567
0.020215
-0.047230
-0.108014
-0.162499
-0.205176
-0.240707
-0.275452
-0.303794
-0.329339
-0.348902
-0.365271
-0.385563
-0.403746
-0.421512
-0.433461
-0.442510
-0.445130
-0.444361
-0.435100
-0.414180
-0.388406
-0.357034
-0.316173
-0.271845
-0.224148
-0.164958
-0.101358
-0.031970
0.044813
0.127559
0.213443
0.307842
0.369194
0.402863
0.435065
0.467237
0.508787
0.558652
0.610519
0.660087
0.673535
0.660743
0.620789
0.576367
0.521143
0.466433
0.422656
0.383558
0.339220
0.300102
0.236773
0.168825
0.088723
0.007756
-0.057868
-0.113094
-0.157869
-0.199062
-0.232002
-0.254216
-0.278383
-0.292063
-0.295182
-0.297376
-0.294483
-0.285541
-0.274035
-0.260551
-0.259555
-0.267426
-0.277000
-0.286184
-0.294286
-0.300372
-0.305476
-0.308829
-0.308045
-0.305381
-0.298689
-0.295070
-0.283757
-0.272986
-0.262274
-0.254550
-0.247579
-0.235309
-0.207805
-0.183953
-0.155491
-0.121276
-0.069877
-0.009957
0.062405
0.127906
0.154961
0.162292
0.179368
0.197925
0.214562
0.233667
0.229205
0.222339
0.215885
0.218409
0.231385
0.256290
0.281497
0.306215
0.338232
0.362994
0.374618
0.383617
0.388900
0.363055
0.309510
0.224803
0.156845
0.091695
0.036948
-0.011197
-0.043094
-0.059207
-0.081713
-0.123605
-0.164697
-0.191123
-0.208355
-0.207294
-0.184982
-0.145916
-0.100022
-0.042396
0.016727
0.023909
0.028113
0.030722
0.029240
0.025607
0.024897
0.021263
0.012924
0.006639
0.011997
0.017943
0.025938
0.040774
0.053623
0.066424
0.083200
0.096256
0.109918
0.126159
0.147784
0.175396
0.204126
0.235085
0.265175
0.289895
0.306041
0.312240
0.293607
0.259053
0.217854
0.169789
0.121739
0.076126
0.029399
-0.019690
-0.067720
-0.114453
-0.154088
-0.187250
-0.216309
-0.241598
-0.258460
-0.266578
-0.267444
-0.261627
-0.251819
-0.240460
-0.226832
-0.205349
-0.190814
-0.172682
-0.153372
-0.135303
-0.119586
-0.103193
-0.089101
-0.080253
-0.068484
-0.056620
-0.048562
-0.039921
-0.028020
-0.016979
-0.006778
0.002913
0.009959
0.015561
0.020675
0.023535
0.027341
0.031734
0.035126
0.039453
0.042582
0.043132
0.043486
0.044472
0.042857
0.038051
0.029190
0.016626
0.006766
0.000006
-0.010117
-0.022754
-0.035569
-0.045906
-0.056727
-0.059971
-0.058537
-0.055893
-0.053066
-0.046079
-0.039537
-0.030601
-0.025734
-0.020429
-0.018165
-0.021349
-0.027002
-0.030859
-0.033066
-0.033662
-0.029882
-0.023814
-0.016794
-0.010993
-0.006005
-0.000683
0.005259
0.011032
0.017795
0.021778
0.025681
0.026614
0.026742
0.029201
0.030138
0.031079
0.031626
0.032821
0.031347
0.025345
0.024116
0.020888
0.015089
0.011687
0.006899
-0.000841
-0.005719
-0.007052
-0.005969
-0.007607
-0.011298
-0.013626
-0.016238
-0.015620
-0.014945
-0.010748
-0.006093
-0.002582
0.001447
0.004040
0.009086
0.014021
0.019212
0.022376
0.020806
0.015447
0.003620
-0.004886
-0.010617
-0.014889
-0.018029
-0.021959
-0.023334
-0.023160
-0.020844
-0.016674
-0.017432
-0.013464
-0.005331
0.001496
0.005721
0.009167
0.012307
0.016401
0.016657
0.014424
0.011394
0.009642
0.010666
0.014779
0.018829
0.020654
0.023811
0.024392
0.023419
0.023042
0.025211
0.020127
0.015078
0.011663
0.009067
0.006641
0.003731
0.002520
-0.001131
-0.005652
-0.012568
-0.019620
-0.021323
-0.022499
-0.021450
-0.016060
-0.006649
0.001143
0.005435
0.005619
0.005929
0.006196
0.007814
0.011575
0.012848
0.011632
0.010123
0.006867
0.003897
0.002219
-0.000669
0.002950
0.010773
0.018669
0.023551
0.021510
0.018395
0.016157
0.011272
0.007605
0.004452
0.000808
-0.001295
-0.001919
-0.000265
0.000784
0.002448
0.004842
0.006153
0.005775
0.005673
0.002767
0.001201
0.001048
0.000595
-0.005346
-0.012366
-0.018194
-0.024641
-0.030665
-0.036904
-0.044813
-0.048599
-0.054721
-0.061722
-0.063428
-0.067376
-0.071209
-0.074749
-0.081754
-0.088655
-0.093784
-0.097176
-0.104978
-0.112547
-0.124647
-0.132868
-0.152521
-0.173749
-0.197079
-0.218033
-0.236915
-0.247530
-0.257019
-0.264093
-0.266573
-0.268450
-0.272310
-0.279267
-0.280330
-0.277350
-0.267427
-0.252054
-0.228343
-0.196418
-0.161293
-0.125576
-0.087197
-0.048482
-0.008733
0.029573
0.070524
0.115777
0.162338
0.206022
0.251591
0.294241
0.329649
0.343110
0.346236
0.342135
0.338992
0.341407
0.340630
0.331325
0.324184
0.323325
0.339881
0.368750
0.408549
0.439661
0.466971
0.494031
0.477991
0.452871
0.445868
0.446847
0.399412
0.339393
0.285048
0.236290
0.191709
0.162981
0.143928
0.135905
0.148543
0.151623
0.144348
0.129171
0.090109
0.044016
-0.000002
-0.042527
-0.078077
-0.107913
-0.133125
-0.150415
-0.169829
-0.184822
-0.200503
-0.215583
-0.227243
-0.235893
-0.239368
-0.242680
-0.244397
-0.242482
-0.241278
-0.239457
-0.248647
-0.258674
-0.264942
-0.270131
-0.274445
-0.273398
-0.264183
-0.244663
-0.215221
-0.189507
-0.161492
-0.138126
-0.112521
-0.100547
-0.082400
-0.064622
-0.049953
-0.033951
-0.020953
-0.009551
-0.009138
-0.018076
-0.028430
-0.038974
-0.054780
-0.073401
-0.085543
-0.095045
-0.102387
-0.102032
-0.094784
-0.082907
-0.071036
-0.060899
-0.055372
-0.048819
-0.041168
-0.026158
-0.014948
-0.008360
0.004940
0.026152
0.048099
0.077799
0.115647
0.151687
0.190668
0.224667
0.259190
0.288928
0.301133
0.289612
0.250071
0.212741
0.185109
0.160853
0.133582
0.107634
0.079047
0.052371
0.030194
0.004906
-0.018896
-0.038729
-0.061079
-0.081988
-0.098472
-0.114067
-0.128038
-0.139178
-0.142192
-0.137088
-0.122575
-0.103879
-0.088404
-0.097718
-0.117349
-0.132275
-0.140136
-0.143347
-0.150975
-0.152069
-0.149471
-0.144982
-0.138486
-0.125264
-0.109899
-0.088372
-0.068492
-0.038215
-0.002718
0.035422
0.076053
0.119542
0.118354
0.085553
0.062276
0.046195
0.034208
0.029502
0.028001
0.025035
0.028210
0.034209
0.042299
0.051142
0.058451
0.064179
0.065037
0.060208
0.035466
0.000567
-0.026284
-0.044102
-0.065297
-0.088345
-0.107465
-0.116610
-0.115221
-0.101234
-0.074779
-0.035563
0.011429
0.062101
0.117081
0.181415
0.254157
0.335967
0.415954
0.474252
0.476279
0.457451
0.444247
0.418899
0.376301
0.339563
0.302355
0.269343
0.233610
0.191364
0.152966
0.118003
0.082519
0.041323
0.008516
-0.021602
-0.048009
-0.073398
-0.099043
-0.117018
-0.131825
-0.139698
-0.143646
-0.141924
-0.147794
-0.161223
-0.176487
-0.190079
-0.196207
-0.200517
-0.201330
-0.202515
-0.196252
-0.190840
-0.184118
-0.176279
-0.174586
-0.173777
-0.171530
-0.167809
-0.167854
-0.171883
-0.175200
-0.176766
-0.174207
-0.165306
-0.159315
-0.155376
-0.152889
-0.156443
-0.166871
-0.165320
-0.162477
-0.160421
-0.164354
-0.168877
-0.173055
-0.171141
-0.171911
-0.171545
-0.164957
-0.161973
-0.157602
-0.145025
-0.126645
-0.103468
-0.077694
-0.058129
-0.034083
-0.002464
0.028466
0.059802
0.093709
0.120651
0.140495
0.156336
0.182212
0.213451
0.246776
0.289901
0.329686
0.370189
0.416042
0.460704
0.502509
0.535369
0.563759
0.590597
0.617303
0.610618
0.543869
0.456526
0.372987
0.301355
0.240974
0.187580
0.132903
0.074348
0.022476
-0.027033
-0.071118
-0.109747
-0.144657
-0.174405
-0.201928
-0.224058
-0.240627
-0.253564
-0.266442
-0.276763
-0.286663
-0.295292
-0.299324
-0.301173
-0.298057
-0.291648
-0.275940
-0.255120
-0.232112
-0.209841
-0.192131
-0.173867
-0.155998
-0.137423
-0.121199
-0.107229
-0.089065
-0.076928
-0.060335
-0.036758
-0.037763
-0.043079
-0.042717
-0.043316
-0.043073
-0.041931
-0.038186
-0.030505
-0.028587
-0.036472
-0.054862
-0.072621
-0.090273
-0.103740
-0.111636
-0.120302
-0.135744
-0.157901
-0.177094
-0.186336
-0.186698
-0.181785
-0.174059
-0.167149
-0.162841
-0.154123
-0.140221
-0.118539
-0.097812
-0.071296
-0.038196
-0.007609
0.025547
0.063441
0.102971
0.142366
0.183715
0.235729
0.295490
0.307753
0.265346
0.221203
0.187903
0.163316
0.144359
0.132703
0.135873
0.141101
0.143019
0.143450
0.152627
0.173086
0.200672
0.230267
0.252766
0.274546
0.300506
0.320391
0.306141
0.292270
0.280644
0.253336
0.190602
0.135806
0.087312
0.048648
0.011632
-0.024801
-0.057387
-0.089239
-0.110940
-0.127986
-0.141453
-0.155078
-0.166191
-0.173228
-0.175527
-0.192671
-0.204296
-0.225662
-0.266297
-0.308385
-0.334097
-0.342255
-0.337180
-0.325245
-0.308793
-0.282462
-0.242949
-0.193950
-0.141037
-0.087992
-0.025958
0.028119
0.074403
0.119981
0.173717
0.225116
0.282093
0.343571
0.371149
0.373372
0.375598
0.364678
0.317351
0.273894
0.237578
0.201441
0.180664
0.165828
0.157390
0.138313
0.120602
0.114728
0.113365
0.118809
0.133558
0.139835
0.141183
0.136188
0.137549
0.135959
0.131949
0.128933
0.110744
0.082733
0.059553
0.026215
-0.015479
-0.048789
-0.071741
-0.096084
-0.117108
-0.131115
-0.149924
-0.180179
-0.207003
-0.227869
-0.245093
-0.263678
-0.277070
-0.286170
-0.292220
-0.292620
-0.288950
-0.284277
-0.274652
-0.260488
-0.240442
-0.214278
-0.183304
-0.148594
-0.121615
-0.094516
-0.063235
-0.024205
0.029461
0.092365
0.155722
0.220739
0.280253
0.334996
0.345432
0.318551
0.299046
0.273454
0.249906
0.228681
0.207505
0.187364
0.167630
0.146043
0.111998
0.075502
0.039143
0.009041
-0.021387
-0.043722
-0.061964
-0.076528
-0.091561
-0.109517
-0.132264
-0.156416
-0.181042
-0.215027
-0.254274
-0.289194
-0.313669
-0.330939
-0.345292
-0.360513
-0.371387
-0.379242
-0.385536
-0.392794
-0.398739
-0.401278
-0.399799
-0.397062
-0.382167
-0.364778
-0.338835
-0.305175
-0.263892
-0.206542
-0.141394
-0.063676
0.022178
0.086316
0.113670
0.142534
0.172741
0.203956
0.239031
0.273807
0.306872
0.345535
0.381798
0.419021
0.455568
0.491328
0.516041
0.531966
0.559409
0.588814
0.600857
0.609172
0.604073
0.583804
0.560668
0.506223
0.427871
0.358414
0.291317
0.214130
0.133994
0.060262
-0.004020
-0.063433
-0.129005
-0.186312
-0.232972
-0.272230
-0.306805
-0.334311
-0.354783
-0.369095
-0.377768
-0.384308
-0.396517
-0.405952
-0.407748
-0.406268
-0.400850
-0.397949
-0.397718
-0.399065
-0.392870
-0.378718
-0.355384
-0.327606
-0.297853
-0.257033
-0.213102
-0.186133
-0.174977
-0.161588
-0.149617
-0.137876
-0.123270
-0.108003
-0.087371
-0.067983
-0.044201
-0.017075
0.017039
0.055721
0.095882
0.139113
0.186255
0.235806
0.292415
0.352873
0.403589
0.439688
0.435372
0.415220
0.367909
0.321399
0.285999
0.258091
0.238145
0.219561
0.204340
0.202947
0.210840
0.226191
0.245225
0.269159
0.300311
0.321761
0.323208
0.328577
0.336359
0.340665
0.333616
0.316944
0.289005
0.247997
0.200305
0.154537
0.110631
0.064798
0.022004
-0.020026
-0.057646
-0.094022
-0.126305
-0.156258
-0.185358
-0.207561
-0.225803
-0.236619
-0.246645
-0.253874
-0.262738
-0.267016
-0.266355
-0.259167
-0.248411
-0.235627
-0.221313
-0.204650
-0.184925
-0.169327
-0.150064
-0.137086
-0.123469
-0.110870
-0.099655
-0.091625
-0.086613
-0.083629
-0.080367
-0.073749
-0.066273
-0.060744
-0.055600
-0.049460
-0.040309
-0.033755
-0.027642
-0.017265
-0.008842
0.000553
0.009708
0.019509
0.025145
0.029772
0.031437
0.032707
0.035149
0.037587
0.040743
0.041268
0.039285
0.032047
0.029513
0.027282
0.025928
0.023607
0.023887
0.023002
0.020612
0.015758
0.005151
-0.005036
-0.009879
-0.011220
-0.012393
-0.009080
-0.004153
-0.000577
0.003803
0.008783
0.015477
0.021008
0.026569
0.027708
0.029868
0.026586
0.022058
0.016808
0.008891
-0.000733
-0.007562
-0.010788
-0.014201
-0.021140
-0.022163
-0.020685
-0.012112
-0.003122
0.004156
0.012819
0.021459
0.030666
0.033253
0.032849
0.029936
0.023757
0.017720
0.012981
0.010593
0.009869
0.011701
0.012854
0.012173
0.009057
-0.000898
-0.014754
-0.025053
-0.036335
-0.051301
-0.066012
-0.080620
-0.091814
-0.097882
-0.102241
-0.103899
-0.105261
-0.109166
-0.112749
-0.112727
-0.117820
-0.125363
-0.130693
-0.139444
-0.152849
-0.163036
-0.170656
-0.177781
-0.179793
-0.177346
-0.176677
-0.169822
-0.160010
-0.150453
-0.139454
-0.127265
-0.110603
-0.087361
-0.066314
-0.048267
-0.025161
0.002321
0.035706
0.071699
0.108613
0.147284
0.183164
0.220865
0.263761
0.305212
0.343267
0.374646
0.400535
0.415916
0.406969
0.381285
0.347504
0.306435
0.259244
0.210050
0.164756
0.123888
0.088008
0.060743
0.038455
0.023050
0.020579
0.028214
0.035343
0.044275
0.018515
-0.026102
-0.066542
-0.106285
-0.146754
-0.176021
-0.199851
-0.220317
-0.231103
-0.239984
-0.245033
-0.239075
-0.221913
-0.195300
-0.161837
-0.129568
-0.100451
-0.094836
-0.101709
-0.096988
-0.089497
-0.067299
-0.033527
0.002645
0.045292
0.092084
0.139593
0.184427
0.225488
0.216069
0.168784
0.124444
0.082923
0.045356
0.012967
-0.016234
-0.042059
-0.063387
-0.080109
-0.089944
-0.093877
-0.090256
-0.085264
-0.102065
-0.126155
-0.138162
-0.149853
-0.159202
-0.159120
-0.156995
-0.142038
-0.114025
-0.087877
-0.074754
-0.068393
-0.064065
-0.064423
-0.060542
-0.048457
-0.045777
-0.035848
-0.015510
0.016042
0.051875
0.084857
0.127728
0.175712
0.234307
0.299168
0.353789
0.398282
0.418836
0.430296
0.439223
0.442293
0.442046
0.448138
0.433441
0.404657
0.384796
0.376944
0.377602
0.329455
0.248179
0.172575
0.101959
0.040992
-0.014481
-0.059985
-0.099980
-0.132147
-0.155562
-0.179394
-0.206544
-0.229684
-0.267346
-0.314919
-0.348981
-0.369162
-0.384868
-0.392146
-0.395498
-0.397682
-0.396179
-0.385858
-0.376012
-0.364319
-0.345343
-0.328357
-0.306362
-0.289424
-0.273343
-0.258250
-0.243667
-0.228866
-0.213830
-0.197676
-0.177850
-0.171730
-0.171048
-0.168044
-0.160592
-0.149985
-0.135208
-0.114947
-0.098575
-0.111203
-0.139061
-0.160179
-0.175743
-0.176410
-0.170118
-0.156714
-0.135620
-0.106329
-0.068708
-0.019181
0.039552
0.106044
0.175462
0.248938
0.324035
0.378501
0.383416
0.389316
0.404169
0.426001
0.438879
0.437884
0.451717
0.482794
0.516391
0.547126
0.538422
0.519665
0.501867
0.488490
0.479406
0.471610
0.467426
0.459310
0.454673
0.440667
0.407371
0.352799
0.286006
0.215832
0.147775
0.083328
0.026244
-0.028437
-0.075221
-0.116685
-0.154381
-0.188168
-0.221941
-0.256148
-0.288041
-0.312880
-0.336579
-0.357190
-0.370249
-0.381351
-0.394930
-0.403951
-0.404859
-0.397281
-0.384506
-0.367959
-0.350132
-0.326747
-0.302224
-0.275937
-0.248622
-0.220759
-0.189321
-0.150744
-0.109440
-0.071241
-0.031826
0.010610
0.064225
0.113836
0.162723
0.208202
0.239642
0.254249
0.246447
0.228015
0.207954
0.193514
0.178699
0.159420
0.135960
0.110881
0.084513
0.061980
0.042236
0.021546
0.004619
-0.005802
-0.010858
-0.011536
-0.010762
-0.010229
-0.008584
-0.006461
-0.007218
-0.009427
-0.012519
-0.015427
-0.019215
-0.020486
-0.024629
-0.028366
-0.030132
-0.027988
-0.028891
-0.034207
-0.041169
-0.046332
-0.047898
-0.048417
-0.049545
-0.050759
-0.054703
-0.056246
-0.058317
-0.061201
-0.058453
-0.050395
-0.039405
-0.027839
-0.018647
-0.013115
-0.014499
-0.015615
-0.016836
-0.021266
-0.026273
-0.033075
-0.037453
-0.040253
-0.040753
-0.037674
-0.038209
-0.036824
-0.036436
-0.035312
-0.033260
-0.031847
-0.027717
-0.022576
-0.015689
-0.008968
0.001124
0.007584
0.013793
0.018691
0.025184
0.031726
0.036669
0.043224
0.047773
0.054270
0.058368
0.062457
0.060475
0.055303
0.050662
0.046217
0.041869
0.037448
0.034812
0.030212
0.025540
0.017450
0.009776
0.004785
0.000316
-0.001811
0.001761
0.004009
0.004971
0.001841
-0.001285
-0.003054
-0.005575
-0.007771
-0.007956
-0.008034
-0.010272
-0.011559
-0.011566
-0.011348
-0.010633
-0.011519
-0.011206
-0.012408
-0.013796
-0.014984
-0.015202
-0.017812
-0.021656
-0.026922
-0.031656
-0.033104
-0.033791
-0.031934
-0.030444
-0.029554
-0.026244
-0.022963
-0.018578
-0.015509
-0.012567
-0.008873
-0.006036
-0.002690
-0.002615
-0.000034
0.002489
0.006019
0.008844
0.007351
0.004081
0.004999
0.007550
0.009949
0.012092
0.013722
0.014306
0.013496
0.010441
0.006866
0.003187
0.003207
0.003246
0.003107
0.006372
0.008123
0.009427
0.012421
0.014720
0.014129
0.015574
0.021538
0.025568
0.029453
0.029185
0.029041
0.027415
0.022263
0.015073
0.009889
0.008703
0.005640
-0.000134
-0.007558
-0.013186
-0.020800
-0.027375
-0.034988
-0.039718
-0.042002
-0.044146
-0.048418
-0.053450
-0.054937
-0.055435
-0.052501
-0.046748
-0.037322
-0.029227
-0.021442
-0.015156
-0.011167
-0.011266
-0.016562
-0.022413
-0.031014
-0.037733
-0.041135
-0.041891
-0.042317
-0.037918
-0.030651
-0.023096
-0.013660
-0.005811
0.000007
0.004813
0.007512
0.010063
0.014304
0.021723
0.029000
0.034881
0.037852
0.038586
0.039972
0.044416
0.048457
0.053585
0.055455
0.054451
0.057257
0.056082
0.058445
0.063109
0.071082
0.079604
0.087100
0.093620
0.100958
0.110477
0.111379
0.104299
0.095066
0.083179
0.071948
0.059800
0.048769
0.038845
0.024786
0.015378
0.008196
-0.003272
-0.013978
-0.023798
-0.037967
-0.045862
-0.053581
-0.059580
-0.061095
-0.058942
-0.052048
-0.043649
-0.039746
-0.036986
-0.034230
-0.032847
-0.031377
-0.024698
-0.019123
-0.016970
-0.011872
-0.007984
-0.006915
-0.008864
-0.013863
-0.021204
-0.028304
-0.037116
-0.048321
-0.060636
-0.069067
-0.076009
-0.078617
-0.077544
-0.073623
-0.067354
-0.062660
-0.055061
-0.044956
-0.036776
-0.030976
-0.027927
-0.023146
-0.019134
-0.014316
-0.008108
-0.001234
0.006988
0.011499
0.015021
0.018362
0.021457
0.023428
0.021693
0.018311
0.017422
0.019809
0.023408
0.025943
0.027535
0.030105
0.034158
0.036170
0.036254
0.032894
0.029872
0.025353
0.015647
0.003278
-0.012001
-0.023829
-0.036860
-0.045197
-0.052692
-0.060031
-0.067953
-0.074066
-0.080725
-0.088130
-0.092231
-0.096587
-0.098879
-0.097848
-0.095719
-0.097560
-0.100897
-0.105761
-0.111518
-0.114528
-0.113649
-0.111108
-0.108930
-0.104021
-0.098536
-0.090797
-0.078467
-0.062588
-0.043457
-0.024744
-0.006492
0.011854
0.029330
0.045232
0.066250
0.088359
0.109874
0.135886
0.165092
0.198502
0.229185
0.260133
0.290761
0.316997
0.347665
0.378986
0.409493
0.382774
0.330861
0.281229
0.233363
0.184843
0.139784
0.099217
0.060810
0.030647
0.008128
-0.011153
-0.030300
-0.043631
-0.053771
-0.066394
-0.075349
-0.081833
-0.085988
-0.088607
-0.090156
-0.092784
-0.093578
-0.088277
-0.079529
-0.070391
-0.061991
-0.050978
-0.043630
-0.036565
-0.033775
-0.032320
-0.029530
-0.029419
-0.026596
-0.025686
-0.029267
-0.038225
-0.046138
-0.055411
-0.063730
-0.067743
-0.069350
-0.072600
-0.075988
-0.075539
-0.075377
-0.075937
-0.071902
-0.070959
-0.076428
-0.082728
-0.086653
-0.088419
-0.089706
-0.089163
-0.085363
-0.078914
-0.068685
-0.053984
-0.034966
-0.017418
0.002330
0.021830
0.038707
0.055160
0.072674
0.085575
0.092259
0.095820
0.097052
0.096826
0.089764
0.082230
0.070752
0.057782
0.043541
0.031583
0.023864
0.011932
0.000594
-0.012733
-0.028881
-0.044943
-0.060548
-0.074194
-0.086538
-0.095487
-0.102195
-0.110721
-0.114170
-0.115011
-0.114520
-0.112649
-0.111150
-0.106886
-0.103903
-0.100276
-0.100277
-0.099770
-0.101848
-0.100727
-0.092536
-0.079431
-0.061772
-0.040742
-0.021462
-0.004409
0.012287
0.030199
0.050660
0.071558
0.095879
0.123044
0.151606
0.182735
0.216937
0.252145
0.289619
0.328546
0.362478
0.357595
0.321236
0.283687
0.244647
0.203682
0.165454
0.133418
0.097361
0.063396
0.034568
0.007641
-0.016261
-0.038595
-0.053078
-0.063451
-0.071160
-0.076454
-0.082814
-0.086923
-0.087937
-0.085013
-0.085154
-0.082646
-0.079856
-0.077975
-0.075683
-0.075444
-0.076943
-0.074844
-0.072450
-0.065073
-0.057652
-0.045863
-0.034017
-0.025238
-0.019841
-0.019124
-0.021621
-0.026255
-0.031785
-0.035174
-0.036834
-0.036646
-0.030144
-0.023852
-0.019047
-0.011269
-0.000286
0.009812
0.017943
0.023911
0.024920
0.018294
0.008551
-0.000081
-0.006930
-0.013873
-0.027011
-0.041925
-0.052584
-0.061012
-0.066459
-0.073596
-0.079743
-0.085195
-0.089926
-0.098622
-0.110379
-0.122880
-0.136336
-0.149663
-0.161032
-0.167857
-0.173416
-0.173286
-0.175803
-0.182088
-0.189972
-0.191528
-0.189363
-0.185622
-0.180223
-0.170124
-0.154254
-0.137900
-0.121176
-0.099766
-0.082273
-0.059861
-0.036311
-0.007246
0.025102
0.058335
0.097067
0.138573
0.185328
0.237596
0.293851
0.348450
0.398798
0.442307
0.473881
0.480766
0.468048
0.448740
0.426288
0.403726
0.370960
0.335147
0.303364
0.273858
0.246145
0.178153
0.094105
0.020729
-0.044531
-0.109621
-0.169537
-0.220926
-0.264817
-0.301097
-0.327604
-0.344107
-0.348929
-0.351582
-0.348473
-0.338743
-0.321533
-0.295608
-0.264863
-0.230687
-0.198403
-0.195188
-0.199799
-0.197840
-0.182672
-0.170165
-0.157059
-0.140791
-0.120887
-0.097980
-0.072391
-0.043912
-0.022865
-0.008764
0.009816
0.035525
0.074095
0.105317
0.097773
0.073736
0.063528
0.060666
0.065113
0.074506
0.092813
0.116628
0.104808
0.074625
0.040853
0.021904
0.016131
0.024424
0.043529
0.070245
0.102530
0.131294
0.131232
0.145188
0.165663
0.196871
0.236620
0.278109
0.327950
0.357864
0.361626
0.366526
0.386889
0.403597
0.409048
0.404787
0.389705
0.355332
0.312665
0.269990
0.224484
0.175079
0.131823
0.092460
0.055495
0.021794
-0.010142
-0.040181
-0.069779
-0.099072
-0.122727
-0.142262
-0.153298
-0.164047
-0.176773
-0.187169
-0.194263
-0.195892
-0.199553
-0.200743
-0.198947
-0.197164
-0.198123
-0.199316
-0.200100
-0.198127
-0.192386
-0.183685
-0.176153
-0.168806
-0.159728
-0.154668
-0.142188
-0.127265
-0.113842
-0.102717
-0.084689
-0.066431
-0.051080
-0.039939
-0.031126
-0.020398
-0.012379
-0.009338
-0.007899
-0.005483
-0.003611
-0.003268
-0.000093
0.001723
0.004361
0.007601
0.012377
0.015718
0.017692
0.017454
0.018102
0.017063
0.017758
0.019761
0.020258
0.019560
0.016152
0.011596
0.009102
0.005893
0.001567
-0.000826
-0.002540
-0.008768
-0.015370
-0.017874
-0.019991
-0.018655
-0.017544
-0.018965
-0.019834
-0.018442
-0.018590
-0.015665
-0.013919
-0.013222
-0.013049
-0.009158
-0.007555
-0.001110
0.007666
0.018734
0.026173
0.035685
0.044206
0.049488
0.050684
0.050512
0.049289
0.048733
0.050059
0.048259
0.043290
0.039552
0.038000
0.037125
0.033654
0.030694
0.029111
0.030782
0.030831
0.028076
0.021421
0.010912
0.000503
-0.007168
-0.015319
-0.022644
-0.029692
-0.032478
-0.033995
-0.034539
-0.039976
-0.043534
-0.043919
-0.041505
-0.037128
-0.031622
-0.028657
-0.026131
-0.021291
-0.012180
-0.003593
0.002473
0.009387
0.012879
0.019109
0.022105
0.026535
0.027684
0.028686
0.027599
0.025503
0.023601
0.022147
0.021285
0.017488
0.012373
0.004395
-0.002031
-0.007186
-0.010003
-0.007189
-0.006853
-0.002588
-0.000212
-0.000794
0.001104
-0.000915
-0.005685
-0.007273
-0.007445
-0.011755
-0.014841
-0.018462
-0.021166
-0.022157
-0.020134
-0.017936
-0.018084
-0.018398
-0.019931
-0.026277
-0.030726
-0.032335
-0.037530
-0.043277
-0.048695
-0.048452
-0.046059
-0.040980
-0.033230
-0.026219
-0.025299
-0.023141
-0.018180
-0.010441
-0.003563
0.002031
0.005021
0.007950
0.006473
0.009236
0.017424
0.027230
0.038460
0.051040
0.065169
0.074299
0.078839
0.085056
0.089629
0.089216
0.086725
0.077351
0.066765
0.058368
0.051278
0.039053
0.024104
0.006335
-0.012421
-0.031901
-0.051126
-0.072291
-0.091431
-0.107701
-0.120918
-0.136062
-0.149436
-0.155567
-0.156086
-0.153313
-0.144123
-0.137031
-0.130146
-0.120396
-0.111489
-0.100459
-0.085295
-0.068779
-0.045164
-0.024437
-0.004103
0.016262
0.035568
0.050244
0.065422
0.070360
0.072522
0.068836
0.059540
0.052041
0.043974
0.037793
0.030666
0.024456
0.014424
0.002389
-0.007478
-0.015194
-0.024716
-0.031946
-0.041330
-0.046967
-0.050090
-0.049395
-0.050002
-0.047750
-0.044600
-0.043726
-0.045812
-0.047633
-0.045371
-0.036963
-0.015172
0.012972
0.042614
0.077830
0.123192
0.178075
0.236562
0.305374
0.372645
0.375757
0.350745
0.329962
0.316737
0.313228
0.311016
0.306322
0.296965
0.281155
0.264375
0.243995
0.222123
0.199386
0.176774
0.150149
0.124219
0.093535
0.057468
0.021987
-0.010497
-0.041638
-0.069266
-0.095638
-0.120214
-0.141556
-0.161717
-0.177012
-0.199895
-0.227213
-0.255514
-0.282759
-0.307425
-0.327935
-0.345404
-0.361628
-0.376804
-0.385146
-0.389790
-0.387421
-0.382492
-0.375785
-0.365033
-0.351363
-0.341662
-0.329565
-0.316101
-0.298519
-0.277381
-0.250323
-0.230382
-0.214662
-0.195649
-0.174135
-0.148317
-0.119054
-0.092685
-0.062792
-0.025735
0.008457
0.041542
0.084192
0.127512
0.178709
0.236648
0.295041
0.350895
0.393302
0.413079
0.431806
0.442194
0.453443
0.451720
0.439378
0.419311
0.397078
0.376344
0.359801
0.313797
0.253930
0.203351
0.158965
0.120425
0.091024
0.062769
0.041712
0.031414
0.027444
0.021692
0.003298
-0.029351
-0.058560
-0.077585
-0.091827
-0.113556
-0.138825
-0.164527
-0.186018
-0.206724
-0.234915
-0.264913
-0.288164
-0.301167
-0.324814
-0.343985
-0.356503
-0.365439
-0.373379
-0.373340
-0.369115
-0.352358
-0.329716
-0.297207
-0.260182
-0.212497
-0.151223
-0.078811
-0.003129
0.079992
0.173030
0.273777
0.371680
0.457383
0.517810
0.533287
0.518701
0.508309
0.501194
0.491720
0.485774
0.494044
0.517354
0.546825
0.577004
0.538964
0.462667
0.385366
0.313016
0.244016
0.178155
0.114428
0.054262
0.001856
-0.038517
-0.074277
-0.113591
-0.151496
-0.182196
-0.206415
-0.225137
-0.235755
-0.242234
-0.244327
-0.247352
-0.250358
-0.245580
-0.239181
-0.239588
-0.243172
-0.246298
-0.248141
-0.248464
-0.257202
-0.262893
-0.265922
-0.258732
-0.235449
-0.207531
-0.172199
-0.142600
-0.117957
-0.099467
-0.078360
-0.064447
-0.061984
-0.068690
-0.077741
-0.090217
-0.100342
-0.108278
-0.115313
-0.114703
-0.107457
-0.102091
-0.095740
-0.082620
-0.079558
-0.069264
-0.042031
-0.007517
0.030762
0.070443
0.109101
0.156961
0.207450
0.247119
0.277730
0.303193
0.333794
0.369339
0.392132
0.375012
0.357634
0.329848
0.297188
0.264773
0.235841
0.203449
0.164671
0.124953
0.085670
0.045760
0.006762
-0.028478
-0.062008
-0.093785
-0.113253
-0.129476
-0.142780
-0.151624
-0.154710
-0.152996
-0.149194
-0.142675
-0.139540
-0.134666
-0.126605
-0.117284
-0.117302
-0.120835
-0.123269
-0.122932
-0.120622
-0.119226
-0.114323
-0.109526
-0.109629
-0.099236
-0.090652
-0.079379
-0.064642
-0.054059
-0.047606
-0.038687
-0.029667
-0.021786
-0.019093
-0.012266
-0.001325
0.014256
0.033472
0.052388
0.065556
0.070218
0.073852
0.074348
0.076502
0.073926
0.072059
0.065821
0.059654
0.055191
0.051384
0.048842
0.043696
0.041044
0.033534
0.015112
-0.012305
-0.046551
-0.081060
-0.107914
-0.127868
-0.140712
-0.147363
-0.152788
-0.156869
-0.157320
-0.155931
-0.151063
-0.142017
-0.126120
-0.101692
-0.075734
-0.040201
0.000314
0.044247
0.080371
0.101896
0.113565
0.111321
0.107240
0.100494
0.100234
0.095564
0.087070
0.075469
0.063806
0.060662
0.053005
0.042248
0.035188
0.031037
0.031900
0.032785
0.030781
0.022743
0.011271
0.007185
-0.002505
-0.010922
-0.009028
-0.008558
-0.004563
0.000322
0.008502
0.025007
0.027382
0.015559
-0.008796
-0.028930
-0.040639
-0.047276
-0.054320
-0.054120
-0.044172
-0.033863
-0.033356
-0.053709
-0.081925
-0.114263
-0.135262
-0.149853
-0.163651
-0.174351
-0.185234
-0.195004
-0.205319
-0.213814
-0.220883
-0.218234
-0.199427
-0.176872
-0.154588
-0.136021
-0.117339
-0.095589
-0.063051
-0.027039
0.013313
0.050247
0.093857
0.149157
0.211445
0.279293
0.351943
0.418390
0.493483
0.554316
0.579003
0.570006
0.539624
0.484598
0.431098
0.382932
0.340595
0.296994
0.255021
0.215853
0.187306
0.165566
0.144785
0.131356
0.112627
0.101313
0.094983
0.088464
0.067101
0.035939
0.009258
-0.018116
-0.046074
-0.069883
-0.089064
-0.111329
-0.132692
-0.151825
-0.170506
-0.184308
-0.194029
-0.205196
-0.214491
-0.224609
-0.233367
-0.244238
-0.257643
-0.267986
-0.268497
-0.263619
-0.259522
-0.254033
-0.244957
-0.228635
-0.204325
-0.172048
-0.141093
-0.108190
-0.072704
-0.039519
-0.010140
0.011022
0.022592
0.031790
0.041265
0.044188
0.049022
0.057115
0.065633
0.076727
0.080565
0.084156
0.081120
0.075001
0.061876
0.043043
0.025185
0.011029
0.002642
-0.013909
-0.032023
-0.052460
-0.069879
-0.085106
-0.099232
-0.113809
-0.122050
-0.126816
-0.123100
-0.117060
-0.109462
-0.094361
-0.080406
-0.070617
-0.056783
-0.048164
-0.043436
-0.041964
-0.042302
-0.044248
-0.047011
-0.044357
-0.034748
-0.027351
-0.026371
-0.029474
-0.034707
-0.035083
-0.032771
-0.025235
-0.022398
-0.015886
-0.005740
0.012151
0.034805
0.062588
0.103657
0.148276
0.199688
0.245062
0.256949
0.257822
0.257322
0.260262
0.269607
0.281134
0.295223
0.308520
0.316069
0.302321
0.267016
0.231554
0.198088
0.163462
0.128391
0.091773
0.051996
0.007526
-0.026300
-0.056325
-0.085394
-0.110961
-0.128496
-0.140661
-0.151450
-0.157319
-0.159733
-0.157161
-0.153120
-0.147222
-0.141836
-0.138716
-0.138474
-0.139194
-0.139730
-0.138588
-0.132749
-0.126572
-0.116441
-0.104460
-0.094009
-0.082854
-0.073217
-0.067361
-0.066421
-0.058166
-0.048843
-0.041188
-0.033320
-0.027265
-0.024098
-0.020281
-0.016361
-0.009759
-0.003398
0.006869
0.016985
0.026458
0.035282
0.045138
0.050657
0.057447
0.056574
0.055354
0.054268
0.060018
0.067110
0.075329
0.098562
0.123000
0.129892
0.117225
0.102587
0.088040
0.069040
0.052860
0.038807
0.017707
-0.002124
-0.021493
-0.041988
-0.069592
-0.094952
-0.116805
-0.128009
-0.133296
-0.140904
-0.145291
-0.146043
-0.149827
-0.153284
-0.150080
-0.156205
-0.171412
-0.187465
-0.199974
-0.212766
-0.223241
-0.239157
-0.246707
-0.242644
-0.231275
-0.216041
-0.197473
-0.168986
-0.139523
-0.112291
-0.086775
-0.062769
-0.026172
0.016031
0.052301
0.091397
0.131671
0.172327
0.212856
0.247431
0.289852
0.339275
0.388443
0.429468
0.438018
0.395597
0.350294
0.297836
0.247514
0.191396
0.133251
0.075261
0.031001
0.001306
-0.031910
-0.059234
-0.068422
-0.064333
-0.047890
-0.024163
0.004710
0.039537
0.043145
0.010900
-0.027097
-0.070045
-0.108294
-0.129878
-0.136915
-0.133163
-0.122164
-0.099976
-0.074785
-0.040963
-0.001736
0.039316
0.077720
0.077481
0.051417
0.024048
0.008313
-0.001307
-0.006044
-0.001080
0.007029
0.016976
0.039552
0.063924
0.062800
0.051776
0.044292
0.043231
0.052864
0.069622
0.086593
0.112620
0.130052
0.156271
0.180983
0.177362
0.151766
0.127340
0.105613
0.081367
0.057670
0.005261
-0.056011
-0.124034
-0.183165
-0.232838
-0.271191
-0.305401
-0.341147
-0.371609
-0.389848
-0.389914
-0.379645
-0.361092
-0.336618
-0.323483
-0.304137
-0.265037
-0.219768
-0.176489
-0.127686
-0.071015
-0.013932
0.044357
0.103807
0.172540
0.268503
0.378030
0.476127
0.534461
0.575841
0.597635
0.588369
0.524866
0.492120
0.422633
0.337106
0.220421
0.102387
0.009169
-0.030641
-0.017200
0.033731
0.112281
0.118923
0.026472
-0.060193
-0.130758
-0.201905
-0.270461
-0.305619
-0.327375
-0.301912
-0.213073
-0.157417
-0.093143
0.062223
0.322690
0.344880
-0.058973
-0.079906
-1.000000
-1.000000
-1.000000
-1.000000
