0
0
0
0
0
0
0
0
0
0
0
0
0
0
0
0
0
0
0
0
0
0
0
0
0
0
0
0
0
0
0
0
0
0
0
0
0
0
0
0
0
0
0
0
0
0
0
0
0
0
0
0
0
0
0
0
0
0
0
0
0
0
0
0
0
0
0
0
0
0
0
0
0
0
0
0
0
0
0
0
0
0
0
0
0
0
0
0
0
0
0
0
0
0
0
0
0
0
0
0
0
0
0
0
0
0
0
0
0
0
0
0
0
0
0
0
0
0
0
0
0
0
0
0
0
0
0
0
0
0
0
0
0
0
0
0
0
0
0
0
0
0
0
0
0
0
0
0
0
0
0
0
0
0
0
0
0
0
0
0
0
0
0
0
0
0
0
0
0
0
0
0
0
0
0
0
0
0
0
0
0
0
0
0
0
0
0
0
0
0
0
0
0
0
0
0
0
0
0
0
0
0
0
0
0
0
0
0
0
0
0
0
0
0
0
0
0
0
0
0
0
0
0
0
0
0
0
0
0
0
0
0
0
0
0
0
0
0
0
0
0
0
0
0
0
0
0
0
0
0
0
0
0
0
0
0
0
0
0
0
0
0
0
0
0
0
0
0
0
0
0
0
0
0
0
0
0
0
0
0
0
0
0
0
0
0
0
0
0
0
0
0
0
0
0
0
0
0
0
0
0
0
0
0
0
0
0
0
0
0
0
0
0
0
0
0
0
0
0
0
0
0
0
0
0
0
0
0
0
0
0
0
0
0
0
0
0
0
0
0
0
0
0
0
0
0
0
0
0
0
0
0
0
0
0
0
0
0
0
0
0
0
0
0
0
0
0
0
0
0
0
0
0
0
0
0
0
0
0
0
0
0
0
0
0
0
0
0
0
0
0
0
0
0
0
0
0
0
0
0
0
0
0
0
0
0
0
0
0
0
0
0
0
0
0
0
0
0
0
0
0
0
0
0
0
0
0
0
0
0
0
0
0
0
0
0
0
0
0
0
0
0
0
0
0
0
0
0
0
0
0
0
0
0
0
0
0
0
0
0
0
0
0
0
0
0
0
0
0
0
0
0
0
0
0
0
0
0
0
0
0
0
0
0
0
0
0
0
0
0
0
0
0
0
0
0
0
0
0
0
0
0
0
0
0
0
0
0
0
0
0
0
0
0
0
0
0
0
0
0
0
0
0
0
0
0
0
0
0
0
0
0
0
0
0
0
0
0
0
0
0
0
0
0
0
0
0
0
0
0
0
0
0
0
0
0
0
0
0
0
0
0
0
0
0
0
0
0
0
0
0
0
0
0
0
0
0
0
0
0
0
0
0
0
0
0
0
0
0
0
0
0
0
0
0
0
0
0
0
0
0
0
0
0
0
0
0
0
0
0
0
0
0
0
0
0
0
0
0
0
0
0
0
0
0
0
0
0
0
0
0
0
0
0
0
0
0
0
0
0
0
0
0
0
0
0
0
0
0
0
0
0
0
0
0
0
0
0
0
0
0
0
0
0
0
0
0
0
0
0
0
0
0
0
0
0
0
0
0
0
0
0
0
0
0
0
0
0
0
0
0
0
0
0
0
0
0
0
0
0
0
0
0
0
0
0
0
0
0
0
0
0
0
0
0
0
0
0
0
0
0
0
0
0
0
0
0
0
0
0
0
0
0
0
0
0
0
0
0
0
0
0
0
0
0
0
0
0
0
0
0
0
0
0
0
0
0
0
0
0
0
0
0
0
0
0
0
0
0
0
0
0
0
0
0
0
0
0
0
0
0
0
0
0
0
0
0
0
0
0
0
0
0
0
0
0
0
0
0
0
0
0
0
0
0
0
0
0
0
0
0
0
0
0
0
0
0
0
0
0
0
0
0
0
0
0
0
0
0
0
0
0
0
0
0
0
0
0
0
0
0
0
0
0
0
0
0
0
0
0
0
0
0
0
0
0
0
0
0
0
0
0
0
0
0
0
0
0
0
0
0
0
0
0
0
0
0
0
0
0
0
0
0
0
0
0
0
0
0
0
0
0
0
0
0
0
0
0
0
0
0
0
0
0
0
0
0
0
0
0
0
0
0
0
0
0
0
0
0
0
0
0
0
0
0
0
0
0
0
0
0
0
0
0
0
0
0
0
0
0
0
0
0
0
0
0
0
0
0
0
0
0
0
0
0
0
0
0
0
0
0
0
0
0
0
0
0
0
0
0
0
0
0
0
0
0
0
0
0
0
0
0
0
0
0
0
0
0
0
0
0
0
0
0
0
0
0
0
0
0
0
0
0
0
0
0
0
0
0
0
0
0
0
0
0
0
0
0
0
0
0
0
0
0
0
0
0
0
0
0
0
0
0
0
0
0
0
0
0
0
0
0
0
0
0
0
0
0
0
0
0
0
0
0
0
0
0
0
0
0
0
0
0
0
0
0
0
0
0
0
0
0
0
0
0
0
0
0
0
0
0
0
0
0
0
0
0
0
0
0
0
0
0
0
0
0
0
0
0
0
0
0
0
0
0
0
0
0
0
0
0
0
0
0
0
0
0
0
0
0
0
0
0
0
0
0
0
0
0
0
0
0
0
0
0
0
0
0
0
0
0
0
0
0
0
0
0
0
0
0
0
0
0
0
0
0
0
0
0
0
0
0
0
0
0
0
0
0
0
0
0
0
0
0
0
0
0
0
0
0
0
0
0
0
0
0
0
0
0
0
0
0
0
0
0
0
0
0
0
0
0
0
0
0
0
0
0
0
0
0
0
0
0
0
0
0
0
0
0
0
0
0
0
0
0
0
0
0
0
0
0
0
0
0
0
0
0
0
0
0
0
0
0
0
0
0
0
0
0
0
0
0
0
0
0
0
0
0
0
0
0
0
0
0
0
0
0
0
0
0
0
0
0
0
0
0
0
0
0
0
0
0
0
0
0
0
0
0
0
0
0
0
0
0
0
0
0
0
0
0
0
0
0
0
0
0
0
0
0
0
0
0
0
0
0
0
0
0
0
0
0
0
0
0
0
0
0
0
0
0
0
0
0
0
0
0
0
0
0
0
0
0
0
0
0
0
0
0
0
0
0
0
0
0
0
0
0
0
0
0
0
0
0
0
0
0
0
0
0
0
0
0
0
0
0
0
0
0
0
0
0
0
0
0
0
0
0
0
0
0
0
0
0
0
0
0
0
0
0
0
0
0
0
0
0
0
0
0
0
0
0
0
0
0
0
0
0
0
0
0
0
0
0
0
0
0
0
0
0
0
0
0
0
0
0
0
0
0
0
0
0
0
0
0
0
0
0
0
0
0
0
0
0
0
0
0
0
0
0
0
0
0
0
0
0
0
0
0
0
0
0
0
0
0
0
0
0
0
0
0
0
0
0
0
0
0
0
0
0
0
0
0
0
0
0
0
0
0
0
0
0
0
0
0
0
0
0
0
0
0
0
0
0
0
0
0
0
0
0
0
0
0
0
0
0
0
0
0
0
0
0
0
0
0
0
0
0
0
0
0
0
0
0
0
0
0
0
0
0
0
0
0
0
0
0
0
0
0
0
0
0
0
0
0
0
0
0
0
0
0
0
0
0
0
0
0
0
0
0
0
0
0
0
0
0
0
0
0
0
0
0
0
0
0
0
0
0
0
0
0
0
0
0
0
0
0
0
0
0
0
0
0
0
0
0
0
0
0
0
0
0
0
0
0
0
0
0
0
0
0
0
0
0
0
0
0
0
0
0
0
0
0
0
0
0
0
0
0
0
0
0
0
0
0
0
0
0
0
0
0
0
0
0
0
0
0
0
0
0
0
0
0
0
0
0
0
0
0
0
0
0
0
0
0
0
0
0
0.305106
0
0
0
0
0
0
0
0
0
0
0
0
0
0
0
1.59604
4.78177
0
2.21471
0.900346
33.3358
13.5905
1.03671
2.37389
0
3.80757
0.465574
0.656883
9.86963
0.731338
0.885952
18.0836
0
0.504665
24.4802
0
0
18.275
6.4844
0.786168
0
0.18199
0.064403
0
0
0
0
0
0
0
0
3.74484
0
0
0
0
0.067738
0
1.22577
0
0.224629
0.331485
1.75416
35.6416
0
8.23824
0.052315
0.471278
28.5271
1.60101
0.498588
0.552197
14.8775
0
0
17.1662
11.2912
32.5051
0.577093
1.67492
0.205191
0.80204
0
0
0
1.56707
0.424005
2.43036
0
0
0
0
0
0
0
0
8.05647
0
0
0
0
0.713978
0
0
1.4949
0
0
0
2.29455
0
2.03563
0.537275
11.0585
0
2.25921
7.70132
0.769872
1.84971
3.15747
0.755919
0
0
0
26.3291
22.6043
0
0
6.98177
0
0
0.888054
0
0.479817
0.95111
11.1599
0
0.719746
27.5013
16.4276
5.90153
4.8073
0
0.426366
12.2871
0
3.83988
0.133096
4.13368
0
4.36289
0
1.27813
11.325
0
1.46321
0.339411
0.422767
2.95407
13.1934
0
36.5856
0.101714
14.6003
0
0.065536
3.42744
0
0.181589
27.6205
0.056369
0
0
0
0.160241
0
11.1392
5.30275
0
0
0
0
0
0
0
0
0
0
0
0
0
0
0
0
0
0
0
0
0
0
0
0
24.6761
0.768596
1.14162
3.14443
0
9.46191
16.6321
0
2.08984
4.78983
0.513841
1.2931
3.27894
13.4792
1.89744
0.191137
0
1.71066
5.59302
1.07675
19.4081
25.2696
15.8036
0.136757
19.7232
1.24741
18.0082
29.5017
2.32468
2.44468
3.01469
7.14253
0.059146
1.85767
3.66917
6.9657
0.25588
2.18026
32.611
2.05539
0
1.24626
0.213322
0
0
0.728134
0
0.43807
0
26.2182
2.98402
17.4816
20.0083
7.15329
32.7259
0
0.197293
47.3667
0.732424
1.87475
3.08647
0.334538
0.944166
0.174734
0.570071
5.72794
4.50639
15.7832
0.084408
0.73449
0.883159
1.36597
9.71295
8.84157
3.76384
1.51418
1.01772
18.3259
4.40854
5.55198
0.162928
11.919
48.1249
0
1.31315
12.4547
13.3317
16.6702
0.053129
2.88202
12.3347
15.5118
2.53327
2.44048
2.70209
70.3581
0.154956
0.91462
16.0672
2.39397
20.7387
1.9208
0.495646
57.7579
31.5369
20.4874
4.0315
11.6153
25.5623
1.56655
1.35623
17.8646
0.850291
3.88757
0.132902
19.5832
6.70073
22.4476
2.12633
1.44199
1.63062
38.7535
22.4015
0.294458
0.09382
11.9276
0
5.29254
1.09914
2.06636
22.7296
1.24225
1.66167
9.63724
1.96205
1.95633
11.7533
1.07723
15.3271
38.8487
0.823117
35.9634
6.27777
0
0
0
0
0
38.2789
0.578742
0
15.2393
7.55652
47.7664
3.0418
12.2568
10.0969
27.3349
0.043756
3.43585
0
0
0
0
0
0
0
0
0
0
0
0
0
0
0
0
0
0
0
0
0
0
0
4.13654
0
29.1192
0
8.38869
9.88607
15.7697
1.23589
0.092918
12.5277
3.92264
0.180649
13.938
29.655
20.0248
19.0447
1.84599
2.02782
14.4282
17.6726
2.94807
0.898735
11.785
2.04735
3.37445
0.187558
0.130525
4.00288
0.083821
15.6597
4.23886
0.159071
1.35796
39.9681
0
0.253636
0.653224
1.58342
0.896053
2.86497
6.33216
21.473
2.41512
2.45061
0.57176
0.081332
0
3.14319
0.045972
28.5912
18.8204
14.0408
11.9863
0
0
39.1009
0.776542
4.32934
0.74037
7.76276
2.30695
30.4515
0.16262
36.7569
35.4196
7.07063
5.29922
12.9469
9.99828
15.0648
1.28246
1.4717
5.34788
11.06
0.992644
0
3.06449
0
0
0
0
0
0
0
0
0
0
0
0
0
0
0.156147
0
0.532982
0
0
0
0
0
6.20039
0.047616
26.7428
6.74651
19.1228
0
58.1209
5.67004
15.9372
2.86603
5.18931
29.7718
0.795885
0.471287
6.23274
6.17415
42.9379
18.8523
13.7303
27.9671
6.83372
24.1293
2.03243
16.571
1.20822
5.86504
1.99405
18.913
23.8186
37.2867
21.5747
29.0894
2.7678
1.5866
8.8002
18.4953
0.183335
21.535
27.4032
19.7709
0.456233
1.34815
9.4582
5.38308
0.946233
0.591043
12.601
5.68983
0.204785
0.954322
0.800862
30.5958
20.1558
1.46044
1.55622
0
6.68206
7.957
31.7194
36.9548
1.25341
5.4942
15.4504
0.729468
15.6725
1.56139
4.86139
8.40017
7.5487
2.39458
18.5211
15.6328
0.936892
6.47076
11.8777
20.6306
8.93154
0.913637
6.13658
0
24.558
4.2841
3.42115
10.3166
20.7708
9.74784
3.94995
0.322136
1.0477
0.248871
0
0
0
0
29.4132
0
16.0534
0
8.47354
2.40841
13.3012
2.81492
12.5068
0.873239
6.90028
13.3437
4.72544
14.1139
5.81828
1.52939
9.08157
2.15945
4.09838
0.631955
0
24.4462
36.1786
7.74524
9.41867
16.9046
11.2527
7.27521
17.7255
3.14776
12.2193
0
6.93396
0.171742
1.95706
9.97664
1.38848
7.50486
12.3382
8.09734
8.48475
26.0959
3.25142
4.91468
10.7081
1.47401
10.1904
0.11931
13.6374
9.31123
14.52
0.932415
2.0232
2.62572
30.6529
0.341767
4.4514
6.29841
2.07723
0
0.078974
0.423946
6.41341
21.4839
11.7534
2.46285
7.17997
0.365023
0.515541
0.180084
3.88997
3.70336
1.49387
1.81983
5.78882
0.034763
22.842
8.55006
1.24134
2.24025
1.65571
1.18599
6.45676
12.3011
1.99175
1.86257
2.42809
25.8067
7.78664
3.44462
1.07475
20.3741
0.333211
6.65164
23.5464
0.970352
2.996
16.8723
10.4153
0
0.683126
0
0
0
0
0
1.73375
7.82735
0
17.6727
0
0
14.6169
0
0.135642
3.7212
0
0
0
0
0.107952
16.7256
19.0499
6.33854
0
7.45431
0
0.253564
1.29859
0
0.632338
3.3321
12.3154
0
0
0
0.645734
15.9877
0
0
19.8666
1.07934
0
0
34.8102
7.2801
19.9262
18.1152
0
0
0
0
0
26.4208
19.5743
16.5416
0
0.314205
32.8892
1.01777
11.7629
0
0
0
1.90474
18.1228
12.0518
0
4.02184
0
0
0
0
0
0
21.8766
0
0
0
0
0
0
0
22.0952
0
0.055387
0
0
0
2.65711
20.2137
0
8.96234
5.06501
1.46635
0
0
8.23746
0
6.25416
0
28.9146
0
5.9504
0
0
0
0
0
0
0
0
0
0
0
4.82137
7.62131
4.18164
0.098044
7.05369
8.31805
0
0
0
0.702647
0.849683
0.978864
4.21421
0
0
24.7451
0.1881
0.373404
11.4363
5.0917
11.4018
0
0
0.324592
0.693294
0
0
0
0
0.264791
5.79783
0
14.6837
0
0.109617
0
0.954255
0
0
0
10.5796
0
0
0
0
0
0
0
0
0.227784
0
0
0
0.218834
15.8548
0
0
0
0
0
0
0
4.69644
0
0
0.574223
0
0
0
1.85551
12.2749
0
0
0
4.28788
0
0
0
0
0.551192
0
0
0
12.2301
0
0
0
0
0
0
0
0
6.17941
4.66053
0
3.54061
0.552746
0
0.065093
0.526541
14.4841
2.30471
0
0
11.0086
10.7283
0
0
0
0.318719
0
0
0
0
0.176074
1.82053
29.6721
0
2.61434
0
0
0
0
0
0
0
0
0
0
0
0
0
6.88262
8.02129
11.6383
11.58
0.079071
1.1382
0
0
0
0.335242
0
0
1.92495
0.134056
0
0
0
0
0
0
0
0
0
0
0
0
0
0
0
0
0
0
0
0
0
0
0
0
0
0
0
0
0
0
0.424065
0
0
0
0
0
0
0
0
0
0
0
0
0
0
0.75904
1.10043
0
0
3.49867
3.23512
0.27377
0
1.02569
10.0928
0
20.0459
0.038274
0
1.47912
0
17.7768
18.3549
4.00018
9.60884
0
0
0
0
0
2.71997
0
22.9216
0
0
16.2861
19.1019
0.520039
11.3757
10.5928
29.0244
2.39
1.1488
0
0
0
0
1.1691
0
2.44099
0
0
0
0
0
0
0
0.773687
0
0
0
0
0
0
0
0
0
0
0
0
0
0
0
0
0
0
0
0
0
0
0
0
0
0
0
0
0
5.63189
0
0.586007
0
0
0
0
0
0
0
0
0
0
0
0.531969
0
0
0
1.85746
0
0
0
0
0.237565
0.059956
0
0
0.327881
0
0
0
0
0
0
0
0
0
0
0
0
0
0
0
0
0
0
2.32943
0
0
5.48311
0
0
1.91204
11.2469
0.108105
0.543773
0
0
14.9399
25.3528
0
0.270432
0.060309
0
0
0
0
1.03359
0
0
0.139663
3.08534
0
0
0.703819
0
0
6.97789
24.6721
0
0
0
0
0
0
9.27347
0
2.58087
9.63959
1.59503
15.2639
0
0
0
0
0
0
7.71391
0
0
0
0
0
0
0
0
0
0
0
0
0.409825
4.92986
0
0
0
0
0
0
0
0
0
0
0
5.28127
0
0
0
0
0
0
13.1242
2.2312
0.213298
0.121783
0
0
0
0
0
0
0
0.600717
15.9991
0
0
0
2.29149
7.37287
0
0
0
0
2.62985
0
1.9114
0
0
0
0
0
25.0796
0
0
28.4848
1.54699
7.73004
20.7427
0.364659
0
0.417576
0
0
0.104026
0.205415
25.6215
2.8853
0
0.295348
2.93025
0
0.11695
0
0.053961
0
0
0
0
0
0
18.9595
2.11291
14.4355
0
15.8306
0.538376
0.048762
7.59128
1.95547
0
1.54033
0
30.3565
0.755812
0
0
0
19.6821
8.56405
0
1.82894
0
8.1357
0.737119
25.3559
0
0
1.27793
21.9741
0.081405
0
2.31493
0
0.233309
1.7627
4.81931
16.5705
13.1714
6.39177
0.974064
0
0
0
2.87367
10.3142
18.3049
0
1.57057
3.64867
0
1.34792
0
15.1419
6.47424
2.75522
33.8788
0
19.0932
3.95444
0
0.255803
0.364668
0
0
0
0
0.564917
5.27468
0
1.01786
5.2801
0
2.2051
0
44.2026
14.0534
0
7.72777
2.01474
15.1759
0
13.8585
0
0.100515
0.227471
21.6152
0.115247
0
12.2091
0
0
0
11.8143
0.343461
0
0
0
0.291662
0.367053
0
0
0.130044
1.26949
0
0
0
0.486503
0
0
0
0
0
0.44383
0
0
0.282946
0.448801
8.53398
10.8094
8.43319
0.29026
0.850407
0.808589
17.3253
0.633872
0
13.7563
0
3.62221
0.056521
17.6064
0
0
36.962
0
0
25.4279
1.49762
3.52929
7.49824
5.7836
0.719154
14.1484
0.352495
0
0
4.96541
0
7.68684
0
0
26.66
0.275522
14.8481
0.143572
0
23.6993
0
7.08936
0
0.163124
35.4794
6.56822
0
20.7098
0.31349
0
3.41807
0
1.0158
1.10213
0.544708
3.28377
1.60681
0.047165
0
0
12.0671
0
0.967784
0
0
0
0.265863
0.781757
22.4459
2.8916
0
0
2.04457
0
0
0
0.306185
40.8935
0
0.184525
0
0
0
0
0
1.03726
7.76888
13.6739
7.58347
10.8019
8.19321
22.6385
1.81956
9.87196
2.24357
6.5015
17.5732
0
0
0
0
22.3786
0.175974
1.98417
0
9.12316
0
0.822753
0
27.025
0
0.213118
0
0
0
25.8167
0
0
0
0
20.3553
0
0
0
0
0.405188
0
0
0
37.5334
24.5848
0
0
0.5149
0.081424
0
9.19145
0
0
8.1765
4.07249
0
0.145159
15.8943
2.73652
0
20.7406
0
1.19199
0
0
0
0
0
0
13.5543
3.27894
0
0.232127
1.30153
0
0
0
0.405433
0
0.456135
0.33997
1.31902
0.388807
0.603286
23.4273
0
0
0.227329
20.2137
25.4719
1.10547
28.9065
4.9962
0
0
0
0
0
0
10.1332
0
0
0.465879
0
0
0
0.169141
0.117416
3.89169
0
0
0
0
0
0.117288
4.35802
0
0
0
0
0
0.196276
0
0
0
0
0
0
0
0
2.77772
0
10.3871
0
0
15.3435
0.242885
0.207671
0
0
0
0.123619
38.6514
0
1.72724
0
0
16.0595
4.5907
0
0
3.26649
1.04637
0
0
0
0
0
0
5.11993
0.326454
0
0
0
0
0
0.273775
0
0
0
0
0
0
0
1.82214
0
0.214186
0
0
1.23196
0
3.95593
16.8602
2.76199
0
1.84398
0
0
0
0
0
0
0
5.53504
0.356757
0
0.508246
0
0
0
4.06076
0
0
0
0
0
0
0
0
0
0
0
0
0
0
0.566408
0
0
0
0
0
0
0
0
0.847185
0
0
0
0
0
0
0
0
0
0
0
0
0
0
0
0
0
0
0
0
0
0
0
0
0
0
0
0
0
0
0
0
0
0
0
0
0
0
0
0
0
0
0
0
0
0
0
0
0
0
0
0
0
0
0
0
0
0
0
0
0
18.3533
0
0
0
0
0
0
0
0
0
0
0
0
0
0
0
0
0
0
0
0
0
0
0
0
0
0
0
0
0
0
0
0
0
0
0
0
0
0
0
0
0
0
0
0
0
0
0
0
0
0
0
0
0
0
0
0
0
0
0
0
0
0
0
0
0
0
0
0
0
0
0
0
0
0
0
0
0
0
0
0
0
0
0
0
0
0
0
0
0
0
0
0
0
0
0
0
0
0
0
0
0
0
0
0
0
0
0
0
0
0
1.26631
4.16999
0
0
4.15973
0
0
1.78291
0
0
6.55788
1.22217
2.45701
3.36327
1.97818
0
0
0
6.59324
0.350902
15.6405
0.302694
0
24.7355
0
0
0
46.6006
0
0
0
0.068816
15.1654
0
10.9303
7.92594
0
22.736
0
0
1.47026
1.71267
2.17618
0
0.395389
3.91695
0
0.086122
0
1.95401
0
22.1899
9.77839
0.202911
0
9.33092
0.762591
0
0
1.80186
1.46099
1.15445
10.735
0.397868
0
0
0.172948
0
0
0.296791
5.02997
14.2772
0
0
0
0
0
0
0
0
0
13.5427
0.116539
0
0
0
0
0
0
6.00907
0.311816
0
0
0
0
0
0
6.64602
3.63074
0.048946
26.4418
0.189003
10.9352
0
23.3125
0.39243
0.670165
0
0
2.08907
6.81391
0
2.1124
2.90543
0
10.2229
0
7.68004
0.048655
4.72447
0
26.3745
6.70212
5.78456
0
5.59759
8.89366
2.3695
0
0
4.89731
16.7464
0
0.533254
14.4673
0
14.8485
0.160141
2.21532
5.86242
3.19918
0.651147
2.54371
8.28959
3.29098
17.8381
0
0.504214
19.8435
0
17.4882
0
6.01442
0.802093
1.53231
0.040482
0
0
0.163584
0
0
0
0
16.6975
0
0
0
6.73189
0
0
0
0.600337
0
2.2121
0
15.9765
0
0
0
0.915364
0
0
1.81282
5.43871
0.847619
0.021644
0
0
0.177017
0
0.075904
0.799619
0
0
0
12.4151
0.635265
1.29607
0.085012
33.0375
0
3.01369
13.9654
0
0
0.461236
0.044576
0
0
0
0.762791
4.31656
2.25785
1.16817
4.40779
2.27146
5.25361
23.1092
0.133838
0
11.5852
7.30415
2.85619
9.17986
9.03974
0.834955
0.528328
0.089399
3.58721
3.774
1.74333
2.55963
0
0
0
0
0
0
0
0.67036
2.96015
0
0
6.71147
0
0
10.7815
3.09013
6.3919
12.8925
0.107706
11.9884
12.835
19.7777
3.99223
0.637865
5.30559
18.985
26.3549
5.55349
6.99907
18.181
0
14.7895
13.275
19.6518
19.9757
12.3697
0
0.377831
1.16301
5.97534
14.0092
13.7705
0.096131
3.19202
3.58794
10.7623
12.443
14.3189
0
4.82862
24.4467
0.11032
0
0
0.519746
0.479296
41.1082
0
6.50052
8.3346
22.0455
7.52827
1.81256
0
0
0.236546
0
0.653296
0
19.309
5.15883
12.6318
3.71307
0.820826
0
7.86075
1.80185
5.05956
9.79554
5.28189
0
6.95039
7.20915
8.83031
0
24.9079
0
14.6829
0
2.60969
0
2.43037
20.514
0.922158
2.98196
0.234856
1.39512
35.8895
0
12.3924
5.28265
0
0
0
0.269993
19.3356
14.7293
0.048096
0.087236
1.14253
0
16.8326
6.38201
0.243088
0.138139
0
35.5568
6.29258
0.390713
0
0
0
23.3272
0
0
0
1.17372
0.056429
0.812682
2.72294
1.20881
54.1638
0
26.7407
0
11.3608
18.5199
6.67646
0.965168
0
0
20.7387
4.82137
0.376642
21.9137
6.94677
0
0
4.93546
12.6881
11.3654
3.68169
28.6345
0
0
0
0
2.02283
5.27226
0.788447
0.218675
1.37114
1.80774
23.5384
6.20233
1.95902
5.58249
29.8999
0
20.1716
0
0
0
16.4346
5.97583
2.75647
0
0
0
3.90302
34.7448
0
6.19984
0.750971
2.146
0
8.32366
0.922119
0.051875
2.96246
2.17373
0.061121
0.365178
14.0257
7.36836
11.7491
32.3441
7.90051
0.140337
6.18213
17.0224
3.53424
2.60386
0
14.2773
28.0365
0
6.58594
0
4.89863
4.9337
5.81059
22.8506
0
12.9403
28.5862
1.43472
19.4559
16.3225
3.87696
1.04249
5.90731
0
10.9181
0
10.02
2.46337
0
13.5655
1.95946
0
10.1055
7.06669
0
0
0.102401
0
15.5076
17.2601
0
0
0
1.07634
3.21712
0.123371
0.041709
0
1.61454
12.7288
3.83021
0
0.603515
0
0.508242
0
3.36612
2.76756
16.5708
1.31133
1.07145
13.196
8.17691
0.826609
0
2.11856
10.7342
1.24299
0
5.51759
3.14008
39.3869
4.06008
0
5.5586
0
0
0
1.19298
0
0
0
7.25199
0
11.1655
10.6599
5.21399
0
0
0
1.10231
0
0.264973
0
0
0
0
0
3.63973
11.9127
0
32.8587
0
20.5498
0.259576
1.1643
1.21653
0.169905
0
0
20.2203
0
7.1866
3.97001
0.603181
0
1.60974
0
0
0.36566
0.461495
11.1963
0.195265
0
0
0.162664
0.343054
0.259667
7.88761
0
17.9845
24.5912
0
1.34976
7.17108
0
0
5.59257
0
0.179657
0
0
0
0
0
0
0
0.015409
14.714
0
0
0
40.1229
0.144802
0
0
0.67812
0
0
0
0
27.2623
0
0.697247
0.633132
0
0
0
42.3401
0
0
1.84086
0
0
0
36.4518
0
0
0
0
0
0
0
0
0
2.77522
25.3082
24.3823
1.9269
0
0.670176
1.25184
0
0
0
36.1835
12.9093
1.50834
0
0
0
2.59174
0.205589
13.0391
26.9092
0
5.27691
32.1652
18.5293
0
0.067305
18.3672
0
40.5097
1.72317
0
0
22.0983
5.25492
5.06278
3.11491
12.8633
1.24399
10.4289
2.69418
18.4275
15.4977
4.95804
42.251
0
0
0
0
17.3398
34.544
19.8592
14.8676
0
0
9.54795
0.119974
4.43971
0
0
0.671201
0
30.8835
4.9169
2.30831
22.6404
1.13609
12.3864
1.83954
0
0
0
0.986377
0.242769
11.3474
11.4263
6.36481
24.458
10.2615
1.16799
0.284983
0
1.75227
0
0
0
0
0
0
26.3495
23.947
34.4267
0
0
6.7557
1.08558
0
0.610116
0
2.58849
7.65603
0
0
0
0
0
0
0
0.090486
47.4558
0
0
6.76464
2.1123
4.57638
0.058699
3.91539
0.872534
0.62848
19.3009
1.27522
0
3.43446
2.00922
0.087668
0.48756
11.3603
24.9303
3.91761
2.37247
0
0
22.5496
4.63273
22.152
4.63448
10.1373
8.15541
8.46699
0.611428
19.4973
0
0
0
30.6359
0.092434
0.792845
18.8257
17.0036
0
0.148434
4.32497
0.122381
0
3.19828
0
0.260694
0
4.8307
2.04455
1.07058
0.77974
0.085321
0
0
0
0
0
24.8226
12.9632
0
0
0
0
0
0.353646
4.20028
1.36593
10.7275
3.15812
0
0.773449
0
9.36951
33.8353
0.269644
2.50792
0.44955
2.13036
1.23381
0.185755
14.1752
8.50469
25.4624
0
2.37086
19.4405
29.6437
4.44734
4.96007
5.06189
9.51219
0.36134
7.76024
1.16952
3.60028
0.62084
0.759303
4.16654
5.27881
3.2229
11.9365
2.26586
0
0
0
4.76059
1.48363
0
0
0
8.89136
4.51779
0
0
0
0
0
0
0
0.077897
0
0
0
0
0
0
0
0
0
0
0
0
0
0
0
0
0
0
0
0
0
0
0
0
0
0
0
0
0
0
0
0
1.75803
0
0
0
0.092096
1.30547
0
6.13363
0.150896
0
0
18.8308
5.1818
0
23.3893
23.2689
31.7522
0
6.59599
1.2634
2.80158
1.98801
13.7341
0
13.1504
0
0
0
0
0
0
0.092004
0
0
0
0
0
0
17.1757
0
0
0
0
0
0
0
0
0
0
0
0
0
0
0.170958
0
0
0
0
0
0
0
0
0
0
0.176094
0
0
0
0
19.3314
0
0
0
0
0
0
0
0
0
0
0
3.76643
0.770933
0
0
0.126672
11.2145
17.4115
19.3021
22.4323
1.35501
0.542976
0.011314
3.66876
4.27117
0
0
0
0
1.77848
0.07894
2.96339
1.794
0
0
0.166835
1.63202
0
0.259765
0
0
0
0
0
0
0
0
3.49762
0
0
0.78292
0
0
0
0
0
0
0
0.425612
0.514396
0
0
0
0
0
18.1185
24.548
0
10.1865
0.040405
3.32127
1.16325
0
22.9375
1.45429
11.6995
12.9091
0
4.27211
0.110712
12.4122
1.15346
0
0
0.557068
0
0
0
0
0
0
0
0
4.1909
0
0
0
0
0
0
0
0
0
0
6.22635
0.975703
0
1.40927
0
5.51013
0
0.111417
0
1.17971
8.57169
0
30.9423
0
0.277517
0
0
0
0
0
0
0
0
0
0
0
0
0
0
0
0
0.354842
0.316708
0
0.159494
0.055448
0.159597
0.082264
1.23603
0
0
0
0.079768
16.5721
0
2.85767
23.0684
5.67324
4.40697
22.5266
0
0.135062
1.88469
0
7.1249
0.190671
4.78266
8.79551
1.1834
0
25.6339
0
0
0
3.05194
2.38274
0
0
0.070199
12.1201
29.407
0
26.365
0.089204
0
30.1049
0
0.935899
0
29.3301
0
1.53912
0.954692
0.057963
6.563
0
0
0
0.200627
0
0.206305
5.27209
0
0
0
1.71102
0
0
0.395291
4.85019
0.12048
17.6014
6.13142
15.2305
0.574967
14.2017
16.7755
0
1.6433
3.28165
7.09369
0.067024
0
0.45154
0.239212
0
0
0
0
33.0826
2.19139
28.0311
6.7435
3.32828
0
15.3518
0
16.3377
0
0
0.062439
3.15914
0
1.45718
0
3.4175
0
0
0
32.6867
0
0
0.41433
0
0
0
0
0
0
0
0
0
0
0
19.7044
0
0.08055
0
9.64273
0.057395
0.631429
0.523778
0
0
1.05933
0
1.02325
0
0
0
0
0
0
0.108964
0
0
0.246254
0
1.74513
0.974331
0
0
0
0
0
0
0
0
0.833948
0
0.48212
0
0
0
0
0
0
0
0
0.166503
0
0
0
0
0
0
0
0
30.0844
0
1.15859
0.044653
0
7.88715
0
0
3.69551
3.90837
0
0
0
0
0
7.43105
0
0
0
0
0
0.531847
0
0
0
0
0
0
0
0
0
0
0
0
0
0
0
0
0
0
0
0
0
0
0
0
0.480932
0
0
0
0
0
0
0
0
0
0
0
0
0
0
0.199575
0
0
0
0
0
0
0
0
0
0
0
0
0
0
0
0
0
0
0
0
0
0
0
0
0.30937
0
0
0
0
0
0
0
0
0
0
0
0
0
0
0
0
0
0
0
0
0
0
0.112
0
0
0
0
0
0
0
0
0
0
0
0
0
0
0
0
0
0.069923
0
0
0
0.956145
0
0
0
0
0
0
0
0
0
0
5.03198
0
0
0
0
0
0
0
0
0
0
0
0
0
0
0
0
0
0
0
0
0
0
0
0
0
15.1666
0
0
0
0
0
8.45157
0
0
0.286394
0
0
0.133958
0.198729
0.075996
1.25493
0
4.31686
0
0.340054
0
0.86636
0
0
0
0
0
0
0
0
0
0
0
0.68648
0
34.2646
0
0
0
17.4304
1.47374
10.2205
5.73975
0
3.1504
0.353497
1.99005
2.0856
0.742417
0
5.93434
1.00829
21.2556
0
30.3276
0
0.521442
0
3.12905
0
0
16.7063
7.43183
3.24511
0
14.6876
0
0
0
0
0
0.639027
0
27.6013
0.232031
0.285675
21.6125
0
0.094151
0.5354
0
0.994533
0.629201
0.365479
4.21887
9.92014
0
0.287053
5.07146
0
12.2483
0
11.2711
31.108
7.5198
5.18667
0
0.343031
30.8263
11.9339
24.7299
2.06298
0
0
8.59399
14.4424
30.0663
0.456331
16.1671
0
0.101484
0
0
3.69781
0
0
0
0
0
1.2702
0.566136
24.4604
7.16102
17.6145
43.5328
0
49.1087
17.5369
0.882224
0
23.0277
4.4325
25.9248
12.6598
0
33.4632
22.1518
0
0
0
0
7.08344
0
0
0.942367
0
0
10.4971
0.16075
0
0
4.38932
22.8148
0
0
0
0
0
0
0
0
