-1.000000
-1.000000
-1.000000
-1.000000
-0.227882
-0.227581
-0.217789
-0.197350
-0.157601
-0.119668
-0.101064
-0.083719
-0.103894
-0.143458
-0.171327
-0.177041
-0.166446
-0.148065
-0.128033
-0.100992
-0.083636
-0.074316
-0.061819
-0.053588
-0.044172
-0.035743
-0.027931
-0.052322
-0.095987
-0.134215
-0.190407
-0.239167
-0.271054
-0.276045
-0.256637
-0.249975
-0.260165
-0.261458
-0.255499
-0.226831
-0.185881
-0.122824
-0.048324
0.038057
0.127734
0.217651
0.303478
0.397375
0.496838
0.568143
0.602919
0.610018
0.599492
0.585472
0.568344
0.548030
0.516204
0.491578
0.453602
0.399822
0.361033
0.303581
0.229320
0.179607
0.125152
0.064900
0.010806
-0.035597
-0.077334
-0.121887
-0.173287
-0.202945
-0.237917
-0.258697
-0.269629
-0.279507
-0.275128
-0.263328
-0.242582
-0.223164
-0.197034
-0.182397
-0.147738
-0.131511
-0.090775
-0.069769
-0.063510
-0.039040
-0.021135
0.004794
0.041742
0.080611
0.098743
0.122754
0.141037
0.163006
0.175428
0.162108
0.152178
0.147384
0.133113
0.112871
0.127493
0.137606
0.144865
0.155682
0.195376
0.240242
0.260196
0.261613
0.220229
0.182479
0.131290
0.085573
0.035816
-0.006153
-0.044087
-0.064732
-0.078625
-0.087971
-0.104898
-0.103580
-0.086121
-0.068191
-0.060713
-0.066132
-0.051836
-0.074074
-0.081716
-0.096545
-0.099025
-0.084262
-0.084287
-0.075741
-0.056399
-0.043276
-0.055295
-0.064252
-0.057335
-0.042978
-0.031616
-0.024927
-0.032895
-0.036162
-0.030885
-0.033696
-0.040893
-0.068882
-0.088339
-0.101989
-0.109591
-0.128198
-0.150448
-0.168895
-0.173611
-0.171508
-0.163004
-0.152861
-0.157869
-0.148368
-0.154524
-0.154486
-0.138108
-0.122806
-0.111602
-0.087769
-0.076310
-0.067765
-0.050249
-0.041837
-0.020823
0.014018
0.061781
0.118325
0.164400
0.215084
0.266095
0.315761
0.352434
0.384122
0.406890
0.434697
0.437455
0.421051
0.396851
0.380443
0.344128
0.320896
0.306151
0.289542
0.257541
0.194549
0.139910
0.087500
0.034145
-0.026408
-0.074233
-0.109346
-0.136902
-0.151805
-0.166596
-0.171150
-0.164267
-0.160101
-0.164144
-0.146588
-0.150355
-0.130648
-0.125869
-0.109882
-0.112728
-0.138258
-0.156539
-0.174210
-0.184118
-0.175511
-0.154837
-0.156449
-0.171699
-0.165231
-0.136865
-0.103864
-0.073194
-0.048407
-0.071009
-0.092292
-0.091821
-0.071034
-0.049535
-0.025976
0.018526
0.069521
0.105380
0.113246
0.121135
0.117090
0.114084
0.116482
0.133959
0.159741
0.181144
0.217801
0.250321
0.249061
0.217058
0.184826
0.156180
0.122340
0.065174
0.012603
-0.035255
-0.077902
-0.107571
-0.142734
-0.155781
-0.185370
-0.190968
-0.190696
-0.184343
-0.163565
-0.152113
-0.134548
-0.146593
-0.171177
-0.194386
-0.213162
-0.234020
-0.252718
-0.258403
-0.252639
-0.227882
-0.207810
-0.191434
-0.178296
-0.188342
-0.198211
-0.197775
-0.186367
-0.162746
-0.140559
-0.121547
-0.088629
-0.058634
-0.038676
-0.013038
0.020614
0.031749
0.047669
0.075189
0.109360
0.140912
0.158296
0.172973
0.193930
0.221797
0.225733
0.202326
0.188342
0.162048
0.162393
0.178617
0.173083
0.159041
0.171202
0.186575
0.188187
0.199121
0.200348
0.196690
0.201795
0.191785
0.184690
0.177320
0.172224
0.149509
0.123301
0.113941
0.087200
0.055399
-0.009640
-0.072728
-0.131925
-0.155159
-0.169907
-0.149301
-0.141686
-0.119959
-0.098699
-0.104951
-0.121397
-0.139350
-0.152866
-0.151305
-0.142992
-0.119107
-0.095467
-0.081507
-0.058265
-0.038657
-0.050595
-0.061934
-0.059553
-0.039083
-0.011308
0.004219
0.002187
0.006952
0.013669
0.020548
0.030694
0.057420
0.080097
0.088530
0.112572
0.124501
0.143063
0.144308
0.130689
0.132614
0.161564
0.196402
0.242832
0.257872
0.260798
0.258896
0.238274
0.219037
0.206534
0.162309
0.101660
0.054234
0.020614
-0.004962
-0.022536
-0.045003
-0.062333
-0.053966
-0.046619
-0.057357
-0.083647
-0.124848
-0.154355
-0.179946
-0.206523
-0.232246
-0.255037
-0.286948
-0.302454
-0.319501
-0.324399
-0.317182
-0.312349
-0.297623
-0.273057
-0.235236
-0.188893
-0.162604
-0.144261
-0.111040
-0.079384
-0.049689
-0.008102
-0.000400
0.010498
0.028101
0.043851
0.039853
0.031394
0.021276
0.021316
0.023716
0.046102
0.088605
0.124774
0.109906
0.072816
0.045587
0.027092
-0.009480
-0.030195
-0.023860
-0.018489
0.002522
0.029542
0.054853
0.079057
0.076645
0.077289
0.064717
0.054750
0.051979
0.054622
0.066775
0.084125
0.097358
0.107486
0.104632
0.104753
0.100896
0.101286
0.113786
0.118373
0.121911
0.141595
0.168167
0.201279
0.218447
0.204549
0.159235
0.119589
0.101942
0.087579
0.095811
0.120467
0.140565
0.140372
0.140172
0.140077
0.143405
0.151438
0.150338
0.137878
0.111204
0.081431
0.049557
0.010532
-0.022481
-0.062114
-0.109734
-0.150379
-0.170306
-0.161017
-0.139968
-0.120252
-0.106672
-0.094701
-0.095164
-0.089302
-0.078181
-0.072966
-0.108859
-0.119328
-0.120606
-0.119347
-0.121459
-0.109898
-0.100019
-0.103447
-0.112678
-0.122858
-0.123062
-0.125348
-0.124257
-0.125787
-0.128727
-0.122882
-0.105538
-0.074531
-0.050738
-0.023293
0.010189
0.045916
0.090027
0.121440
0.139196
0.140389
0.121857
0.112278
0.109699
0.116946
0.115267
0.095478
0.079172
0.045584
0.012662
-0.011468
-0.040811
-0.083272
-0.127918
-0.173085
-0.203081
-0.218253
-0.218964
-0.210609
-0.191434
-0.153332
-0.100042
-0.033912
0.041460
0.113534
0.175167
0.232321
0.259728
0.266663
0.275075
0.266391
0.229524
0.187476
0.143250
0.101247
0.071675
0.044084
0.012301
-0.020956
-0.075191
-0.134710
-0.188904
-0.230060
-0.259047
-0.279162
-0.284585
-0.285931
-0.273534
-0.255232
-0.221220
-0.191042
-0.149740
-0.110008
-0.084634
-0.066933
-0.053182
-0.038148
-0.010035
0.002322
0.006196
0.020117
0.048066
0.094657
0.157323
0.197784
0.202391
0.205491
0.193918
0.161555
0.114551
0.078641
0.054542
0.033885
0.019161
0.015757
0.000497
-0.030437
-0.045248
-0.070013
-0.082834
-0.081437
-0.076328
-0.044967
0.007907
0.068225
0.103766
0.091991
0.066091
0.066046
0.080701
0.112254
0.159715
0.217638
0.211251
0.193471
0.170295
0.156364
0.145100
0.112326
0.065580
0.026781
0.003812
-0.027681
-0.061722
-0.086232
-0.119520
-0.167866
-0.203815
-0.229169
-0.240556
-0.239171
-0.224387
-0.210810
-0.215936
-0.227925
-0.250111
-0.259660
-0.268970
-0.267257
-0.255853
-0.234524
-0.206710
-0.175712
-0.169888
-0.161058
-0.140643
-0.102767
-0.056142
-0.008262
0.046272
0.109704
0.176118
0.230507
0.230437
0.219912
0.199742
0.164583
0.149881
0.144801
0.150500
0.169897
0.213715
0.236755
0.231274
0.230641
0.237781
0.255329
0.248436
0.213635
0.171740
0.124104
0.079777
0.033256
0.002081
-0.022531
-0.038446
-0.051297
-0.049320
-0.028760
-0.003451
0.026385
0.069051
0.122972
0.172803
0.207047
0.244378
0.287263
0.328309
0.376094
0.387146
0.380363
0.375044
0.360878
0.306866
0.254341
0.207513
0.172813
0.146829
0.090787
0.027317
-0.013611
-0.046923
-0.102762
-0.183040
-0.249998
-0.310574
-0.361344
-0.401887
-0.430385
-0.444841
-0.445935
-0.437794
-0.421928
-0.395513
-0.364005
-0.319200
-0.274914
-0.222970
-0.162153
-0.092960
-0.016418
0.065240
0.130136
0.161392
0.195955
0.203941
0.187800
0.171600
0.165547
0.160130
0.147852
0.146497
0.141802
0.134151
0.127173
0.057479
-0.013229
-0.078763
-0.131840
-0.184075
-0.227061
-0.259731
-0.283040
-0.292336
-0.296662
-0.332099
-0.373801
-0.407726
-0.429323
-0.437883
-0.441660
-0.438772
-0.434178
-0.425552
-0.406083
-0.378456
-0.340580
-0.299146
-0.243326
-0.183385
-0.126013
-0.081199
-0.043553
-0.030401
-0.005965
0.028583
0.072026
0.130460
0.200844
0.283496
0.348642
0.389777
0.427307
0.466783
0.495731
0.508748
0.518074
0.487810
0.469020
0.446962
0.415256
0.380997
0.351041
0.294280
0.249849
0.202111
0.154890
0.091884
0.038670
-0.023587
-0.092381
-0.148261
-0.206907
-0.258327
-0.296384
-0.318156
-0.330252
-0.314646
-0.290963
-0.259346
-0.211633
-0.150119
-0.079624
-0.006016
0.068769
0.119749
0.176012
0.244492
0.296594
0.340765
0.357110
0.363145
0.376262
0.359067
0.325183
0.269125
0.210419
0.150711
0.103455
0.063801
0.031637
0.005451
-0.025453
-0.050173
-0.070634
-0.098082
-0.128018
-0.174700
-0.212729
-0.246483
-0.281192
-0.323489
-0.381371
-0.415133
-0.427887
-0.435016
-0.427632
-0.416062
-0.398964
-0.374138
-0.315530
-0.247274
-0.175415
-0.137038
-0.108062
-0.053938
-0.009154
0.045931
0.103983
0.141569
0.152241
0.181556
0.223211
0.261416
0.273160
0.277398
0.288206
0.298214
0.304806
0.325966
0.331659
0.313050
0.284933
0.253903
0.207025
0.184327
0.167138
0.138484
0.101971
0.087494
0.079544
0.093763
0.111329
0.116130
0.096281
0.081918
0.071587
0.078738
0.088536
0.095707
0.094091
0.075395
0.052665
0.048248
0.047875
0.049965
0.059196
0.080408
0.099097
0.132768
0.177935
0.226039
0.279423
0.332962
0.373286
0.373444
0.322651
0.263611
0.210283
0.161757
0.121716
0.090169
0.066961
0.040534
0.016729
0.002460
-0.005182
-0.002610
0.013478
0.023464
-0.013493
-0.071173
-0.127365
-0.177811
-0.221336
-0.259913
-0.288058
-0.314457
-0.336092
-0.355807
-0.367165
-0.373105
-0.371844
-0.367942
-0.363005
-0.355225
-0.351395
-0.348497
-0.347065
-0.342251
-0.335626
-0.326894
-0.309378
-0.284757
-0.273142
-0.274510
-0.272609
-0.266390
-0.249885
-0.230542
-0.206871
-0.199925
-0.198741
-0.197544
-0.201677
-0.213330
-0.222307
-0.231496
-0.246145
-0.254460
-0.257720
-0.251932
-0.234963
-0.219554
-0.191925
-0.155242
-0.122677
-0.082226
-0.077015
-0.090604
-0.110181
-0.118693
-0.112902
-0.097396
-0.076457
-0.054114
-0.023113
0.012423
0.052689
0.097091
0.132366
0.151998
0.177513
0.211199
0.248255
0.275173
0.290121
0.303853
0.312183
0.320646
0.297114
0.265233
0.241493
0.233964
0.231163
0.217754
0.204029
0.209746
0.222934
0.211939
0.188894
0.178844
0.173713
0.184734
0.178104
0.163633
0.156199
0.144843
0.151665
0.174610
0.211884
0.265155
0.327674
0.386334
0.436811
0.476927
0.465324
0.443254
0.404052
0.345590
0.285973
0.214385
0.139572
0.070769
0.014708
-0.031670
-0.068475
-0.097278
-0.131894
-0.166035
-0.206935
-0.251819
-0.286939
-0.310833
-0.326356
-0.337233
-0.332215
-0.316918
-0.297687
-0.298072
-0.304255
-0.307388
-0.292161
-0.273643
-0.268452
-0.265941
-0.262492
-0.262942
-0.285196
-0.312117
-0.333458
-0.334943
-0.330591
-0.322371
-0.298210
-0.269148
-0.249471
-0.230302
-0.198562
-0.148695
-0.092877
-0.022977
0.046115
0.107740
0.180431
0.249585
0.312263
0.352183
0.385604
0.417014
0.434586
0.486240
0.507934
0.511547
0.522076
0.501546
0.475067
0.442110
0.420058
0.374150
0.330621
0.291160
0.249691
0.201848
0.146383
0.089654
0.033373
0.001598
-0.035230
-0.074121
-0.109566
-0.153568
-0.182675
-0.203590
-0.238259
-0.249212
-0.237713
-0.210797
-0.195997
-0.197534
-0.190553
-0.162627
-0.167759
-0.163850
-0.142683
-0.104537
-0.072609
-0.053429
-0.048129
-0.033082
-0.023754
-0.021094
-0.016535
-0.007555
0.012404
0.035120
0.067554
0.111048
0.140701
0.141132
0.126266
0.096998
0.079601
0.061222
0.049184
0.023083
-0.007160
-0.035989
-0.059679
-0.068284
-0.087338
-0.106829
-0.147664
-0.187413
-0.225368
-0.256856
-0.251500
-0.248340
-0.227057
-0.193485
-0.173146
-0.168405
-0.144359
-0.108598
-0.062298
0.000671
0.040902
0.068969
0.103617
0.148602
0.184286
0.210232
0.218607
0.199117
0.183104
0.182332
0.160838
0.116385
0.063542
0.038206
0.005158
-0.012811
-0.029424
-0.047966
-0.061182
-0.070981
-0.085061
-0.088749
-0.081087
-0.055807
-0.036876
-0.028720
-0.020125
-0.017881
-0.008232
0.004541
-0.018427
-0.025288
-0.009580
0.008232
-0.010079
-0.019539
-0.018999
0.001144
0.036073
0.070963
0.092911
0.087787
0.083111
0.071880
0.051007
0.044264
0.047111
0.039241
0.014423
0.013123
-0.013405
-0.036279
-0.046349
-0.047147
-0.035289
-0.056119
-0.083941
-0.092980
-0.077416
-0.044098
-0.026870
-0.014227
0.024869
0.084077
0.144559
0.201027
0.266071
0.303204
0.338769
0.392503
0.430756
0.447470
0.457378
0.415236
0.343961
0.281948
0.231772
0.184520
0.154031
0.108689
0.058090
0.016326
-0.009514
-0.038155
-0.077922
-0.114146
-0.138090
-0.161578
-0.186886
-0.219562
-0.241431
-0.243869
-0.241137
-0.233232
-0.231601
-0.219148
-0.210749
-0.229248
-0.247595
-0.246877
-0.245181
-0.237883
-0.214850
-0.180421
-0.140993
-0.123651
-0.131237
-0.167641
-0.219338
-0.254674
-0.279959
-0.291535
-0.293583
-0.284769
-0.262699
-0.220203
-0.170142
-0.101120
-0.018218
0.069273
0.111869
0.112169
0.116748
0.120425
0.106589
0.098272
0.089744
0.052850
0.022364
0.002091
-0.013773
-0.017574
-0.018543
-0.002690
0.013259
-0.003920
-0.044276
-0.070146
-0.084525
-0.102323
-0.113493
-0.115658
-0.109184
-0.096111
-0.070723
-0.033551
-0.033236
-0.034857
-0.029531
-0.001393
0.037735
0.090216
0.121184
0.130099
0.145091
0.134446
0.122750
0.103534
0.088845
0.073607
0.049693
0.025058
0.011881
0.020965
0.047952
0.073960
0.107150
0.142011
0.157146
0.178539
0.188575
0.153584
0.131400
0.139881
0.155291
0.165484
0.182061
0.175518
0.180005
0.196604
0.216443
0.236106
0.270052
0.310496
0.317285
0.307195
0.287200
0.266027
0.236183
0.227983
0.196250
0.159305
0.125106
0.102883
0.099015
0.110265
0.145739
0.181238
0.184934
0.203910
0.214948
0.221389
0.223580
0.201078
0.181776
0.175452
0.154233
0.096741
0.038969
-0.004688
-0.041999
-0.067856
-0.087220
-0.103439
-0.120325
-0.146010
-0.172948
-0.200670
-0.237516
-0.271883
-0.303662
-0.332296
-0.341631
-0.351494
-0.355724
-0.358648
-0.364248
-0.365574
-0.359791
-0.358084
-0.364398
-0.376286
-0.393197
-0.406746
-0.410937
-0.419326
-0.426344
-0.423627
-0.412839
-0.393287
-0.358924
-0.320859
-0.275157
-0.239469
-0.231248
-0.243414
-0.249809
-0.251235
-0.250388
-0.252568
-0.251384
-0.261284
-0.265486
-0.258226
-0.244199
-0.216314
-0.187179
-0.141880
-0.083359
-0.015202
0.059931
0.141879
0.237859
0.328114
0.404784
0.445120
0.472750
0.463242
0.449773
0.431034
0.412651
0.408820
0.427265
0.445474
0.453853
0.455674
0.423367
0.368558
0.344363
0.306851
0.288828
0.258110
0.220944
0.175823
0.116682
0.076027
0.061922
0.056762
0.050538
0.046487
0.056378
0.057546
0.083560
0.118452
0.131083
0.119302
0.106123
0.103008
0.081677
0.045546
0.008658
-0.014901
-0.049948
-0.073022
-0.084122
-0.111289
-0.144195
-0.167461
-0.183025
-0.198437
-0.223857
-0.259552
-0.289787
-0.328543
-0.351083
-0.370730
-0.381038
-0.380483
-0.369191
-0.361174
-0.338165
-0.292354
-0.238325
-0.180225
-0.121366
-0.076582
-0.057329
-0.018884
0.029327
0.063901
0.100730
0.153970
0.208049
0.255696
0.306923
0.369418
0.414219
0.449523
0.486249
0.507837
0.535782
0.562358
0.586232
0.571458
0.542127
0.515421
0.498888
0.468278
0.426579
0.346567
0.268457
0.196460
0.134190
0.082250
0.035040
-0.002917
-0.032555
-0.049282
-0.054749
-0.045449
-0.053313
-0.076716
-0.092824
-0.114623
-0.124103
-0.118237
-0.105591
-0.091013
-0.091676
-0.123973
-0.162130
-0.198194
-0.222992
-0.242891
-0.257331
-0.272019
-0.283409
-0.290822
-0.301945
-0.311982
-0.336211
-0.370588
-0.397939
-0.417445
-0.425551
-0.429889
-0.431200
-0.423709
-0.411059
-0.391288
-0.367136
-0.338788
-0.320254
-0.303549
-0.290022
-0.271341
-0.252400
-0.231015
-0.206171
-0.174914
-0.128690
-0.069465
-0.010968
0.017660
0.029897
0.050562
0.075523
0.107587
0.147049
0.167325
0.163383
0.167344
0.166990
0.146209
0.129828
0.130497
0.141660
0.161803
0.182769
0.186358
0.199588
0.231230
0.282453
0.343131
0.381537
0.404498
0.439065
0.471556
0.478345
0.441748
0.407821
0.381699
0.354939
0.309464
0.270464
0.227571
0.177096
0.133542
0.091140
0.055826
0.022624
-0.001713
-0.005891
0.007729
0.020919
0.020869
-0.011688
-0.067635
-0.114997
-0.160798
-0.194781
-0.214319
-0.230025
-0.244512
-0.247211
-0.246887
-0.249485
-0.241221
-0.245757
-0.253808
-0.259941
-0.254759
-0.245205
-0.230033
-0.206565
-0.173490
-0.136415
-0.089716
-0.033578
0.028072
0.100791
0.172515
0.239972
0.264300
0.224762
0.167458
0.103291
0.036871
-0.036636
-0.103541
-0.159095
-0.203005
-0.236223
-0.260107
-0.283420
-0.303147
-0.318072
-0.323883
-0.320810
-0.311127
-0.287171
-0.255516
-0.212703
-0.156213
-0.087194
-0.013154
0.054918
0.120831
0.180808
0.197831
0.215573
0.237191
0.249686
0.262578
0.287745
0.321757
0.330358
0.324654
0.319429
0.305791
0.256226
0.192050
0.133211
0.077616
0.027280
-0.013219
-0.055024
-0.078450
-0.087958
-0.080309
-0.071046
-0.068651
-0.077709
-0.110714
-0.144384
-0.171361
-0.188421
-0.207902
-0.216667
-0.210690
-0.181422
-0.135860
-0.088778
-0.043007
-0.014379
-0.004451
0.015373
0.039721
0.053851
0.067056
0.074433
0.095251
0.130688
0.177202
0.240356
0.283191
0.320553
0.366831
0.406806
0.398225
0.376101
0.363063
0.355881
0.339059
0.302859
0.277573
0.249558
0.193623
0.117729
0.052723
-0.005900
-0.054659
-0.105893
-0.152583
-0.190303
-0.222146
-0.242226
-0.254206
-0.258149
-0.261608
-0.248877
-0.223469
-0.195121
-0.169076
-0.164549
-0.165108
-0.149779
-0.131173
-0.112264
-0.096775
-0.095774
-0.134097
-0.177194
-0.233634
-0.280644
-0.318658
-0.352038
-0.381429
-0.413108
-0.435069
-0.442810
-0.439088
-0.416449
-0.386055
-0.358755
-0.313235
-0.263247
-0.212467
-0.182928
-0.172408
-0.174484
-0.166712
-0.150518
-0.129989
-0.098686
-0.064859
-0.030771
0.012170
0.067511
0.132405
0.205757
0.284684
0.348198
0.399477
0.443500
0.475935
0.484972
0.487789
0.480783
0.467422
0.461801
0.464092
0.448533
0.420961
0.395484
0.344174
0.302425
0.270285
0.234223
0.211119
0.160651
0.109732
0.078896
0.063402
0.064051
0.067710
0.068449
0.073822
0.078287
0.050825
0.047618
0.049632
0.028749
0.006377
0.006865
0.016248
0.011937
-0.004701
-0.028433
-0.046776
-0.061964
-0.065288
-0.077027
-0.079756
-0.093527
-0.117003
-0.143012
-0.166228
-0.193621
-0.228005
-0.249762
-0.238922
-0.207162
-0.176726
-0.155735
-0.141142
-0.107011
-0.075295
-0.065426
-0.075138
-0.065847
-0.043191
-0.009304
0.035125
0.073087
0.093496
0.116528
0.134653
0.123734
0.096653
0.054403
0.019909
-0.004631
-0.002860
-0.002222
0.002475
-0.026106
-0.042705
-0.040961
-0.017811
0.016702
0.020845
0.006003
-0.002619
-0.013959
-0.015860
-0.015554
-0.035544
-0.055141
-0.055583
-0.058472
-0.051052
-0.034140
-0.033602
-0.028250
-0.019623
-0.025550
-0.042439
-0.064832
-0.087579
-0.099614
-0.098895
-0.095298
-0.082570
-0.067900
-0.044177
-0.019932
0.008561
0.038262
0.069535
0.094449
0.131180
0.159458
0.162048
0.177497
0.200776
0.203627
0.201401
0.206333
0.215272
0.216824
0.203200
0.183307
0.161913
0.136575
0.108632
0.076446
0.048999
0.042677
0.036837
0.024778
0.024233
0.028491
0.014098
0.017471
0.012423
-0.002569
-0.011106
-0.013330
-0.032293
-0.060996
-0.072459
-0.080206
-0.073858
-0.086863
-0.108285
-0.107843
-0.096241
-0.084067
-0.083064
-0.084846
-0.099133
-0.104896
-0.107088
-0.102300
-0.100769
-0.090365
-0.061792
-0.039237
-0.054977
-0.076193
-0.083255
-0.079833
-0.067654
-0.059197
-0.070665
-0.072997
-0.083778
-0.090739
-0.095399
-0.106768
-0.120851
-0.142508
-0.184995
-0.226038
-0.273105
-0.305506
-0.318561
-0.322776
-0.348537
-0.382484
-0.404348
-0.416185
-0.413968
-0.411450
-0.402410
-0.382910
-0.359416
-0.337147
-0.300839
-0.245496
-0.202042
-0.153463
-0.096996
-0.048786
-0.004933
0.046231
0.120368
0.186587
0.270623
0.346142
0.399791
0.469153
0.533322
0.591701
0.667779
0.750672
0.837202
0.892164
0.886282
0.854521
0.813205
0.770317
0.703846
0.633719
0.549062
0.474479
0.390713
0.311586
0.237488
0.160723
0.078356
0.001998
-0.059264
-0.109742
-0.157914
-0.198320
-0.221776
-0.230190
-0.244842
-0.249595
-0.244176
-0.235059
-0.220939
-0.211509
-0.209265
-0.219108
-0.217587
-0.212564
-0.194693
-0.164858
-0.129574
-0.105567
-0.082694
-0.053404
-0.052803
-0.043814
-0.048803
-0.053322
-0.057640
-0.049804
-0.028401
0.007574
0.048711
0.083610
0.102806
0.126271
0.150153
0.147962
0.133999
0.125228
0.124698
0.124721
0.126734
0.129777
0.146749
0.170645
0.175758
0.180394
0.191375
0.200989
0.185648
0.153353
0.125425
0.098510
0.059197
0.014485
-0.024430
-0.061935
-0.092958
-0.117420
-0.138966
-0.154481
-0.165895
-0.176465
-0.182970
-0.186816
-0.188013
-0.189127
-0.187174
-0.187805
-0.187399
-0.183034
-0.176116
-0.171019
-0.160286
-0.143354
-0.136992
-0.130838
-0.122697
-0.115464
-0.106443
-0.095071
-0.076378
-0.064334
-0.057940
-0.049356
-0.043066
-0.040413
-0.038160
-0.033992
-0.030779
-0.026551
-0.024513
-0.024353
-0.021378
-0.019484
-0.021215
-0.020923
-0.022913
-0.025496
-0.027464
-0.028723
-0.029622
-0.032900
-0.033505
-0.032719
-0.035044
-0.036809
-0.037034
-0.042471
-0.052595
-0.066262
-0.078702
-0.092413
-0.104979
-0.117280
-0.126261
-0.128272
-0.130948
-0.133698
-0.135579
-0.135189
-0.132133
-0.128267
-0.115597
-0.102026
-0.095047
-0.082787
-0.067860
-0.049421
-0.023318
0.006718
0.041263
0.062317
0.071565
0.076950
0.083253
0.094399
0.105758
0.119488
0.130973
0.144227
0.153859
0.158427
0.126136
0.087422
0.049755
0.016115
-0.014538
-0.038912
-0.061098
-0.077785
-0.087409
-0.092022
-0.092787
-0.088223
-0.077225
-0.063937
-0.049161
-0.046506
-0.042586
-0.027159
-0.007204
0.014683
0.039601
0.068428
0.109297
0.152147
0.188985
0.199349
0.184219
0.175928
0.169660
0.162445
0.155261
0.128495
0.085704
0.048911
0.023494
-0.002180
-0.031138
-0.069697
-0.106459
-0.136420
-0.162051
-0.179382
-0.192764
-0.202246
-0.210297
-0.213723
-0.216483
-0.210925
-0.196829
-0.180764
-0.155340
-0.129053
-0.097237
-0.056810
-0.017184
0.023593
0.041790
0.047088
0.061759
0.070666
0.068543
0.074058
0.076018
0.060778
0.035840
0.020534
0.016579
0.025752
0.041920
0.054937
0.057725
0.073052
0.103997
0.115751
0.103777
0.097025
0.104842
0.116418
0.138069
0.173024
0.205415
0.225017
0.246188
0.255446
0.239801
0.193807
0.145423
0.101579
0.064242
0.029678
0.003838
-0.014793
-0.025402
-0.023706
-0.015240
0.004424
0.029213
0.063619
0.095897
0.112300
0.123334
0.126125
0.134791
0.153697
0.179034
0.208829
0.225671
0.220839
0.195550
0.156446
0.120856
0.091425
0.064819
0.040670
0.022976
0.012444
0.003088
-0.002216
-0.002246
-0.002142
0.003243
0.010478
0.026231
0.044203
0.052889
0.051539
0.049722
0.042425
0.012587
-0.025946
-0.059370
-0.084913
-0.104017
-0.125686
-0.152116
-0.174135
-0.188849
-0.201184
-0.210427
-0.216402
-0.217118
-0.213176
-0.204461
-0.195834
-0.183863
-0.170197
-0.155863
-0.142525
-0.127067
-0.107807
-0.090375
-0.073541
-0.058424
-0.043166
-0.032775
-0.026640
-0.023794
-0.021405
-0.023499
-0.023416
-0.025425
-0.030771
-0.030836
-0.027256
-0.025405
-0.025609
-0.020073
-0.015922
-0.012080
-0.009383
-0.004633
-0.004725
-0.003554
-0.002538
-0.001381
-0.000869
0.000668
-0.002963
-0.005405
-0.007928
-0.009643
-0.010917
-0.012238
-0.014860
-0.018084
-0.019399
-0.017410
-0.018369
-0.016147
-0.013625
-0.007433
-0.002379
0.003163
0.011192
0.017082
0.019811
0.019640
0.018318
0.016562
0.013821
0.011871
0.011650
0.015045
0.013800
0.011775
0.009344
0.005325
0.002300
-0.000560
-0.004649
-0.005527
-0.009354
-0.014193
-0.022108
-0.030333
-0.037692
-0.042473
-0.046892
-0.048480
-0.049808
-0.050821
-0.055543
-0.061400
-0.064175
-0.063993
-0.055474
-0.042558
-0.030916
-0.018467
0.002163
0.015263
0.023255
0.033866
0.044662
0.048507
0.047825
0.046815
0.049705
0.054813
0.062310
0.075009
0.086070
0.092393
0.098331
0.109177
0.124405
0.141669
0.156697
0.143623
0.109034
0.072211
0.044334
0.019413
0.001987
-0.011467
-0.023580
-0.033673
-0.042054
-0.044502
-0.044069
-0.038395
-0.034257
-0.061260
-0.097860
-0.128044
-0.157277
-0.185220
-0.207678
-0.221087
-0.233667
-0.247378
-0.263046
-0.278415
-0.285453
-0.285998
-0.282832
-0.275129
-0.259744
-0.238584
-0.209295
-0.176101
-0.141064
-0.103736
-0.065520
-0.021600
0.026451
0.079194
0.139738
0.204025
0.270055
0.338733
0.387972
0.408420
0.400294
0.382803
0.366597
0.352079
0.335023
0.311285
0.265066
0.205080
0.150372
0.100926
0.060398
0.026690
-0.002011
-0.026041
-0.043671
-0.050790
-0.047330
-0.032992
-0.015478
0.005911
0.034185
0.038362
0.022696
0.019169
0.020258
0.027105
0.037740
0.053954
0.075497
0.106593
0.142202
0.178688
0.215698
0.213647
0.192127
0.174828
0.162668
0.152010
0.133345
0.094422
0.056351
0.023484
-0.001325
-0.017284
-0.030198
-0.035768
-0.036624
-0.040941
-0.048425
-0.060112
-0.074272
-0.084684
-0.093848
-0.101515
-0.105705
-0.104414
-0.097720
-0.091153
-0.085845
-0.081129
-0.076170
-0.073028
-0.068207
-0.062260
-0.058079
-0.051748
-0.043336
-0.040927
-0.041697
-0.048161
-0.054617
-0.058045
-0.053806
-0.048770
-0.044070
-0.040831
-0.037160
-0.035602
-0.031890
-0.029921
-0.030648
-0.035649
-0.046525
-0.055212
-0.058745
-0.056991
-0.053930
-0.050170
-0.049121
-0.047912
-0.046580
-0.040720
-0.035043
-0.030080
-0.026714
-0.023380
-0.021342
-0.018089
-0.015085
-0.012156
-0.008120
-0.004761
-0.004296
-0.003199
-0.002428
-0.002481
-0.002717
-0.003930
-0.005775
-0.002650
-0.001954
-0.002235
0.001377
0.002607
0.001415
-0.000303
-0.004408
-0.008534
-0.011256
-0.015339
-0.018376
-0.021616
-0.020507
-0.020373
-0.017317
-0.012530
-0.009850
-0.004733
-0.003887
-0.002943
-0.005702
-0.011350
-0.017797
-0.025772
-0.030392
-0.033401
-0.034739
-0.035955
-0.034120
-0.028107
-0.018971
-0.009923
0.001051
0.009760
0.020476
0.027733
0.034190
0.039319
0.044273
0.049660
0.055710
0.064019
0.072716
0.078241
0.080342
0.079329
0.080165
0.077761
0.073764
0.069741
0.066657
0.061959
0.057700
0.049896
0.038470
0.025375
0.011133
-0.005193
-0.019605
-0.030758
-0.039876
-0.049666
-0.057950
-0.066506
-0.072930
-0.074249
-0.074531
-0.072648
-0.067397
-0.057215
-0.044821
-0.034322
-0.025040
-0.016799
-0.009616
-0.007129
-0.008509
-0.008322
-0.004182
0.000794
0.005122
0.007604
0.008203
0.004259
-0.002115
-0.003208
-0.002787
-0.001093
0.003103
0.003969
0.004370
0.006617
0.016096
0.023000
0.026042
0.029031
0.032744
0.034554
0.034462
0.039838
0.041801
0.040367
0.035578
0.031415
0.027483
0.025054
0.019461
0.011867
-0.000978
-0.009994
-0.013092
-0.017488
-0.018784
-0.022667
-0.026809
-0.028440
-0.027448
-0.026311
-0.018576
-0.009693
-0.000643
0.007604
0.014748
0.021482
0.023319
0.024422
0.014987
0.007901
0.004109
-0.002391
-0.002628
0.003142
0.005865
0.007087
0.007139
0.007946
0.007137
0.006163
0.005387
0.002363
-0.000532
0.000907
0.001008
0.002196
0.003769
0.005770
0.009601
0.015260
0.015318
0.019894
0.021032
0.019191
0.015085
0.010479
0.006686
0.001559
-0.003155
-0.005245
-0.008625
-0.009955
-0.008087
-0.004151
-0.002180
-0.001355
-0.002007
-0.004387
-0.006714
-0.006279
-0.001197
0.002659
0.004538
0.008435
0.008693
0.004867
0.004830
0.001689
-0.003720
-0.011124
-0.015598
-0.021611
-0.024975
-0.027495
-0.027239
-0.028394
-0.028225
-0.028595
-0.023961
-0.021238
-0.022393
-0.023431
-0.029058
-0.031796
-0.034796
-0.034069
-0.030950
-0.027158
-0.025109
-0.025324
-0.024034
-0.023471
-0.023324
-0.022984
-0.026235
-0.025732
-0.024423
-0.021309
-0.018082
-0.014206
-0.011063
-0.011668
-0.007896
-0.004083
0.004007
0.012372
0.019191
0.025719
0.031239
0.035379
0.041511
0.047859
0.052440
0.060272
0.067639
0.071311
0.073548
0.073381
0.069245
0.062555
0.056154
0.047732
0.040255
0.034270
0.026352
0.020092
0.016181
0.011245
0.004024
-0.003066
-0.010245
-0.020450
-0.027278
-0.035628
-0.040591
-0.042263
-0.041031
-0.040349
-0.040951
-0.042680
-0.040994
-0.040074
-0.033983
-0.027372
-0.019021
-0.010071
-0.002349
0.004159
0.013461
0.021280
0.029584
0.033627
0.039993
0.048956
0.053366
0.057336
0.063854
0.068545
0.068070
0.063702
0.056443
0.046080
0.037310
0.031561
0.022592
0.011046
-0.000512
-0.017411
-0.028454
-0.036916
-0.045277
-0.051310
-0.058770
-0.070365
-0.081125
-0.092501
-0.108082
-0.121853
-0.133334
-0.143443
-0.150827
-0.154797
-0.157902
-0.159897
-0.156432
-0.148137
-0.138894
-0.129345
-0.121414
-0.113166
-0.109656
-0.106239
-0.101881
-0.099263
-0.098779
-0.096475
-0.091184
-0.085256
-0.079553
-0.072981
-0.066437
-0.059136
-0.051241
-0.041503
-0.030848
-0.012759
0.010450
0.032612
0.052434
0.073599
0.096874
0.119197
0.142200
0.172326
0.201592
0.236269
0.270179
0.302779
0.345235
0.393185
0.445842
0.498038
0.517964
0.484740
0.447538
0.405188
0.355442
0.304000
0.252837
0.203821
0.154975
0.109553
0.067304
0.028896
-0.003366
-0.030491
-0.051702
-0.070992
-0.092590
-0.115376
-0.135324
-0.151701
-0.164686
-0.174534
-0.179406
-0.181732
-0.186793
-0.193945
-0.198585
-0.201028
-0.203373
-0.204167
-0.206892
-0.211875
-0.215502
-0.219274
-0.223339
-0.233636
-0.241091
-0.244404
-0.244383
-0.245155
-0.243561
-0.241214
-0.235831
-0.231964
-0.225311
-0.218057
-0.215775
-0.211534
-0.206084
-0.201618
-0.198852
-0.191252
-0.179260
-0.165927
-0.150647
-0.134226
-0.116167
-0.092891
-0.069053
-0.041086
-0.015910
0.008927
0.037211
0.070076
0.111161
0.156388
0.201596
0.245677
0.289056
0.333563
0.375256
0.415041
0.448220
0.453270
0.437806
0.411829
0.381875
0.357696
0.341901
0.335770
0.335287
0.319269
0.300964
0.282142
0.258534
0.230380
0.210116
0.194320
0.177233
0.158665
0.144251
0.136458
0.129235
0.099031
0.056294
0.016821
-0.022169
-0.056970
-0.088306
-0.118345
-0.143633
-0.168553
-0.190636
-0.206840
-0.223605
-0.238536
-0.247491
-0.252056
-0.255219
-0.253686
-0.252938
-0.248257
-0.237299
-0.223213
-0.211470
-0.192810
-0.171589
-0.146595
-0.122930
-0.099014
-0.077821
-0.055158
-0.033327
-0.015972
0.001434
0.020040
0.041140
0.067555
0.099353
0.136008
0.148953
0.140610
0.132886
0.119198
0.107184
0.095493
0.087621
0.077778
0.067579
0.061692
0.059672
0.061484
0.040845
0.006554
-0.025942
-0.058142
-0.094128
-0.130570
-0.165863
-0.198590
-0.230053
-0.261520
-0.290746
-0.317466
-0.344116
-0.366884
-0.384870
-0.400974
-0.416542
-0.422011
-0.424456
-0.426436
-0.425000
-0.415687
-0.400003
-0.376729
-0.348797
-0.320636
-0.291306
-0.267026
-0.236523
-0.201692
-0.162177
-0.125256
-0.087983
-0.043825
0.008043
0.065502
0.131803
0.200505
0.266240
0.312597
0.355973
0.404969
0.454877
0.490675
0.526043
0.546479
0.554229
0.563424
0.576272
0.589148
0.592744
0.566999
0.534724
0.501599
0.460763
0.422323
0.397990
0.377014
0.365046
0.364699
0.360799
0.358814
0.361726
0.351002
0.345497
0.341763
0.329375
0.306965
0.269793
0.236052
0.206665
0.186920
0.165153
0.126284
0.084561
0.029285
-0.025971
-0.080649
-0.127985
-0.168392
-0.201415
-0.225955
-0.244853
-0.260619
-0.272335
-0.279055
-0.281683
-0.280670
-0.277741
-0.268913
-0.255296
-0.237570
-0.223499
-0.204840
-0.187642
-0.166026
-0.138982
-0.113393
-0.089003
-0.068855
-0.049113
-0.059790
-0.081678
-0.096399
-0.109587
-0.123037
-0.132747
-0.135380
-0.135992
-0.135267
-0.132178
-0.129493
-0.129276
-0.125199
-0.118702
-0.110371
-0.106731
-0.102981
-0.093929
-0.085493
-0.077823
-0.067006
-0.062030
-0.057437
-0.054330
-0.046611
-0.042710
-0.036589
-0.031843
-0.027725
-0.019660
-0.012953
-0.007391
-0.001653
0.007085
0.011506
0.019451
0.029025
0.036014
0.041559
0.048452
0.052587
0.053741
0.055717
0.054483
0.059473
0.062588
0.066524
0.062044
0.056056
0.046901
0.035442
0.020504
0.004532
-0.010387
-0.022286
-0.029632
-0.037746
-0.042962
-0.047695
-0.051575
-0.054330
-0.051342
-0.046498
-0.039530
-0.034059
-0.030396
-0.027489
-0.023093
-0.018521
-0.011444
-0.005990
-0.004924
-0.005144
-0.006059
-0.005358
-0.003888
0.000485
0.003334
0.005480
0.007269
0.008396
0.008046
0.005824
0.000080
-0.006925
-0.008718
-0.011732
-0.016154
-0.019419
-0.023390
-0.026301
-0.031240
-0.037410
-0.043398
-0.045512
-0.045790
-0.047166
-0.048040
-0.047921
-0.050705
-0.050735
-0.049554
-0.044635
-0.035725
-0.023011
-0.010426
0.006952
0.028403
0.050760
0.074252
0.101809
0.134128
0.171104
0.179576
0.168311
0.155616
0.143205
0.130516
0.119580
0.108843
0.091663
0.077186
0.060540
0.046441
0.034689
0.025688
0.015620
0.003386
-0.007019
-0.014884
-0.019278
-0.024150
-0.027013
-0.031874
-0.037751
-0.040974
-0.047056
-0.048960
-0.049490
-0.052085
-0.053009
-0.053189
-0.052418
-0.053848
-0.050722
-0.042111
-0.034484
-0.027877
-0.021585
-0.016194
-0.010751
-0.006410
-0.004666
-0.003185
-0.000047
0.004366
0.010898
0.017005
0.020463
0.024314
0.028125
0.032565
0.032723
0.026639
0.020268
0.013992
0.008541
0.003007
-0.006765
-0.023131
-0.039876
-0.059494
-0.077343
-0.090563
-0.106824
-0.125065
-0.142304
-0.156823
-0.169776
-0.183936
-0.197065
-0.208503
-0.220146
-0.229291
-0.239284
-0.247210
-0.255934
-0.260107
-0.260416
-0.259118
-0.254471
-0.246559
-0.233322
-0.214463
-0.188828
-0.160115
-0.130862
-0.104114
-0.076430
-0.052460
-0.037701
-0.026724
-0.010772
0.010966
0.034451
0.065819
0.099850
0.130540
0.165883
0.205606
0.244034
0.280733
0.292881
0.292127
0.297292
0.307689
0.314752
0.325317
0.309026
0.282866
0.249825
0.207041
0.177259
0.155069
0.140814
0.132824
0.133109
0.142024
0.155849
0.175678
0.203935
0.235932
0.272922
0.310322
0.348591
0.372269
0.371389
0.358770
0.349534
0.342707
0.317939
0.278577
0.248888
0.230173
0.217548
0.185300
0.140304
0.074232
0.001728
-0.070237
-0.139093
-0.203371
-0.269878
-0.329027
-0.381034
-0.425489
-0.467092
-0.503042
-0.533423
-0.556333
-0.568334
-0.573397
-0.572125
-0.563856
-0.545392
-0.518840
-0.485796
-0.445585
-0.399314
-0.348414
-0.299516
-0.247436
-0.193451
-0.137969
-0.077801
-0.030755
-0.000483
0.034979
0.072834
0.115177
0.156792
0.201489
0.249101
0.294843
0.322156
0.328722
0.327673
0.328184
0.335618
0.346133
0.350409
0.348700
0.340690
0.340648
0.349127
0.325700
0.282304
0.243732
0.213013
0.196153
0.190732
0.191324
0.185677
0.184891
0.192431
0.206013
0.221888
0.220533
0.195582
0.158143
0.128741
0.107604
0.092764
0.084195
0.079853
0.062609
0.028583
-0.007538
-0.047200
-0.089710
-0.130568
-0.164146
-0.193333
-0.211588
-0.226718
-0.236140
-0.239435
-0.237373
-0.232153
-0.225425
-0.237382
-0.250011
-0.256116
-0.261889
-0.265360
-0.268514
-0.264123
-0.249389
-0.228961
-0.211368
-0.193523
-0.183661
-0.175100
-0.166243
-0.154374
-0.144405
-0.126500
-0.097616
-0.064136
-0.021121
0.028746
0.082612
0.138831
0.196410
0.252566
0.299889
0.332406
0.345384
0.308853
0.274647
0.208989
0.130556
0.054010
-0.013104
-0.074766
-0.143464
-0.208759
-0.267486
-0.314236
-0.351800
-0.379137
-0.392368
-0.396625
-0.391461
-0.381771
-0.366645
-0.341647
-0.309028
-0.270615
-0.231540
-0.186091
-0.138109
-0.088863
-0.031358
0.030582
0.095541
0.163803
0.229207
0.283217
0.327011
0.356712
0.354290
0.318863
0.294508
0.269766
0.213886
0.157553
0.121718
0.102235
0.100581
0.102909
0.107283
0.117100
0.122597
0.087507
0.073208
0.077633
0.097301
0.133207
0.173814
0.199154
0.213283
0.235356
0.263884
0.295224
0.300674
0.338233
0.383188
0.406612
0.404355
0.381319
0.353356
0.313752
0.285378
0.252881
0.224049
0.193477
0.167011
0.108056
0.031078
-0.044865
-0.116437
-0.185241
-0.259222
-0.330295
-0.396371
-0.457022
-0.511696
-0.554522
-0.585894
-0.609788
-0.625259
-0.634273
-0.633601
-0.627422
-0.607637
-0.574849
-0.534257
-0.487330
-0.432063
-0.379319
-0.335964
-0.307674
-0.281094
-0.248412
-0.226842
-0.203364
-0.173104
-0.144715
-0.106440
-0.060343
-0.009710
0.051649
0.120737
0.196483
0.276494
0.351332
0.425966
0.490028
0.535375
0.542050
0.535542
0.536254
0.556831
0.543759
0.516896
0.488954
0.469579
0.422912
0.383422
0.363188
0.357046
0.345312
0.301316
0.246688
0.198097
0.169146
0.148518
0.151505
0.158235
0.163596
0.160611
0.154107
0.148077
0.129421
0.105397
0.100170
0.104127
0.087463
0.077417
0.061879
0.044277
0.022896
-0.008229
-0.035075
-0.062605
-0.082238
-0.093508
-0.140078
-0.183684
-0.231119
-0.263584
-0.293886
-0.321571
-0.340528
-0.365092
-0.397744
-0.439928
-0.469580
-0.489739
-0.493879
-0.494806
-0.485841
-0.468820
-0.446597
-0.414198
-0.369147
-0.318923
-0.274066
-0.235701
-0.185607
-0.122925
-0.056489
-0.022108
0.000566
0.039855
0.074826
0.116243
0.161854
0.177734
0.179884
0.169042
0.146908
0.121660
0.110836
0.113529
0.126833
0.126645
0.112417
0.090768
0.066273
0.064079
0.045885
0.016556
-0.023552
-0.077549
-0.121105
-0.151807
-0.175902
-0.197524
-0.217268
-0.224904
-0.245624
-0.264008
-0.293928
-0.328701
-0.357003
-0.380680
-0.383826
-0.389438
-0.379644
-0.355596
-0.330206
-0.283975
-0.221383
-0.140835
-0.057933
0.044294
0.152972
0.272673
0.386822
0.513032
0.639981
0.757370
0.863447
0.971056
1.088996
1.213391
1.301662
1.239833
1.166856
1.075222
0.948854
0.819293
0.698596
0.585195
0.479105
0.387685
0.309477
0.217239
0.117047
0.024763
-0.059913
-0.141074
-0.228572
-0.311538
-0.379514
-0.437260
-0.482361
-0.516586
-0.533710
-0.541115
-0.534775
-0.523906
-0.499578
-0.479999
-0.467505
-0.448554
-0.424582
-0.400998
-0.374299
-0.336741
-0.295429
-0.243816
-0.188561
-0.125585
-0.068405
-0.020940
0.016572
0.061342
0.083376
0.095345
0.106296
0.121513
0.143964
0.142187
0.120566
0.099936
0.070978
0.051558
0.036660
0.033448
0.037641
0.045654
0.055877
0.068687
0.042192
0.024206
0.018976
0.018962
0.027384
0.045438
0.071096
0.099372
0.126555
0.124890
0.106084
0.095981
0.087499
0.086123
0.095594
0.098822
0.081389
0.029780
-0.026627
-0.082718
-0.135560
-0.185127
-0.226832
-0.253622
-0.269718
-0.281152
-0.287043
-0.288372
-0.292560
-0.293450
-0.294981
-0.288314
-0.270884
-0.242812
-0.207640
-0.167913
-0.122593
-0.074882
-0.020703
0.019386
0.040368
0.063431
0.087545
0.112087
0.137482
0.165718
0.196123
0.224114
0.258655
0.276356
0.277092
0.284171
0.288503
0.246241
0.187231
0.129584
0.076436
0.027649
-0.019785
-0.065108
-0.107887
-0.145006
-0.177001
-0.202228
-0.222645
-0.237839
-0.248935
-0.247219
-0.239902
-0.235170
-0.238794
-0.238331
-0.231591
-0.222671
-0.209226
-0.189664
-0.167644
-0.147526
-0.163877
-0.174609
-0.174713
-0.170088
-0.152409
-0.126972
-0.095979
-0.055236
-0.005436
0.054775
0.115363
0.177780
0.247423
0.313168
0.355611
0.401546
0.439026
0.474216
0.506648
0.485573
0.448130
0.418875
0.389649
0.354308
0.323925
0.301147
0.265322
0.223338
0.196279
0.176681
0.163399
0.125443
0.066289
-0.002238
-0.058982
-0.120899
-0.173372
-0.220719
-0.253534
-0.268702
-0.277376
-0.277851
-0.278256
-0.273887
-0.298791
-0.335701
-0.364698
-0.387735
-0.424804
-0.467994
-0.502757
-0.525084
-0.536093
-0.540164
-0.553600
-0.569520
-0.575239
-0.577906
-0.577079
-0.562959
-0.538122
-0.504920
-0.457610
-0.409077
-0.361035
-0.306531
-0.269263
-0.229538
-0.185561
-0.140465
-0.086718
-0.030794
0.031238
0.097122
0.177218
0.266507
0.360781
0.456638
0.562464
0.667296
0.775838
0.888379
0.997002
1.113961
1.207884
1.187359
1.141342
1.070502
0.994146
0.924720
0.861683
0.791955
0.714952
0.645373
0.542978
0.451223
0.378919
0.302748
0.213486
0.124582
0.040403
-0.026357
-0.080403
-0.111328
-0.121066
-0.129556
-0.157907
-0.187700
-0.215011
-0.233130
-0.253078
-0.259979
-0.256595
-0.265754
-0.273956
-0.280417
-0.279278
-0.283397
-0.302300
-0.318337
-0.345072
-0.366459
-0.395376
-0.421877
-0.437318
-0.436238
-0.426808
-0.417900
-0.401799
-0.363159
-0.312622
-0.265524
-0.231195
-0.195179
-0.158623
-0.122135
-0.079163
-0.046986
-0.007755
0.012461
0.005300
-0.002839
-0.000733
0.002974
0.010829
0.026521
0.057560
0.074816
0.062941
0.065544
0.079501
0.081883
0.070797
0.086018
0.106246
0.132227
0.161133
0.173700
0.150890
0.125048
0.100970
0.082615
0.075142
0.073584
0.081824
0.094049
0.063640
0.023658
-0.010817
-0.037841
-0.052493
-0.056333
-0.064867
-0.071998
-0.079042
-0.081910
-0.085743
-0.085318
-0.070207
-0.067023
-0.083469
-0.080531
-0.064227
-0.028628
0.013757
0.055259
0.072280
0.086097
0.075674
0.064765
0.051703
0.070827
0.121227
0.169764
0.211114
0.237689
0.257832
0.268787
0.273730
0.288767
0.318077
0.360574
0.382150
0.424630
0.474738
0.481940
0.466182
0.408118
0.314624
0.210113
0.117172
0.023991
-0.066726
-0.153692
-0.243911
-0.327790
-0.402222
-0.469654
-0.528024
-0.574951
-0.617583
-0.652070
-0.679342
-0.693308
-0.694711
-0.678081
-0.645497
-0.596971
-0.537406
-0.469021
-0.392455
-0.311267
-0.231669
-0.155016
-0.097969
-0.028960
0.044026
0.109369
0.132530
0.150506
0.162792
0.189663
0.209298
0.218348
0.212313
0.210196
0.216400
0.222378
0.227714
0.240219
0.249108
0.258669
0.241790
0.247372
0.264361
0.266505
0.234943
0.209168
0.187138
0.177455
0.193380
0.182294
0.169856
0.160618
0.107836
0.048858
-0.003933
-0.049588
-0.070774
-0.086199
-0.094848
-0.096229
-0.075233
-0.051649
-0.052667
-0.064223
-0.074393
-0.076340
-0.100492
-0.144986
-0.165332
-0.168176
-0.164257
-0.169742
-0.180351
-0.184619
-0.171291
-0.147184
-0.110204
-0.063840
-0.024000
0.019982
0.053167
0.068886
0.088493
0.099167
0.123957
0.140442
0.127107
0.112506
0.081304
0.069629
0.050081
0.021314
-0.020395
-0.054433
-0.065594
-0.067665
-0.058273
-0.051325
-0.038997
-0.033894
-0.021484
-0.025742
-0.030398
-0.030419
-0.020921
-0.010887
0.020460
0.043051
0.075391
0.103037
0.110959
0.130859
0.137734
0.125230
0.120193
0.102027
0.097274
0.105508
0.132741
0.186309
0.244656
0.296509
0.318787
0.340051
0.341946
0.338663
0.349651
0.341626
0.326231
0.320686
0.284554
0.231789
0.174864
0.115569
0.051546
-0.023277
-0.094004
-0.157717
-0.224365
-0.288593
-0.341081
-0.394519
-0.448791
-0.494939
-0.525272
-0.541801
-0.549711
-0.542965
-0.527769
-0.499668
-0.477949
-0.458660
-0.427876
-0.387338
-0.330779
-0.284539
-0.234804
-0.189572
-0.129947
-0.079017
-0.038629
0.004406
0.033100
0.062129
0.089802
0.100111
0.097406
0.102862
0.136462
0.167774
0.196644
0.219546
0.251969
0.295889
0.342023
0.389084
0.435757
0.481281
0.501373
0.504391
0.490192
0.488806
0.496428
0.494601
0.496217
0.507983
0.508722
0.482450
0.412112
0.322600
0.229172
0.135385
0.037601
-0.062772
-0.145757
-0.219585
-0.278601
-0.333671
-0.375532
-0.416866
-0.473086
-0.525929
-0.567963
-0.596842
-0.614709
-0.629458
-0.629234
-0.609962
-0.576481
-0.532757
-0.478754
-0.416527
-0.349568
-0.298309
-0.272112
-0.248300
-0.216961
-0.175708
-0.121127
-0.060796
0.000387
0.059606
0.113541
0.160401
0.208812
0.260084
0.309850
0.347930
0.374316
0.370339
0.337561
0.296829
0.249651
0.202272
0.152847
0.111856
0.059828
0.002083
-0.064611
-0.139801
-0.222007
-0.292100
-0.357513
-0.413114
-0.450468
-0.478764
-0.492615
-0.507830
-0.511983
-0.497396
-0.466552
-0.439644
-0.418337
-0.380655
-0.340167
-0.292688
-0.234035
-0.172982
-0.096519
-0.006060
0.101789
0.201023
0.304438
0.411757
0.532328
0.655269
0.778187
0.895073
1.017138
1.132315
1.241479
1.335195
1.362252
1.270227
1.156336
1.042403
0.918185
0.802523
0.696880
0.601441
0.517191
0.443185
0.375240
0.302964
0.236283
0.175831
0.116984
0.043374
-0.036601
-0.107041
-0.164299
-0.211966
-0.247221
-0.271997
-0.287621
-0.295551
-0.306859
-0.315683
-0.321908
-0.324407
-0.322548
-0.314486
-0.301231
-0.306487
-0.320237
-0.329198
-0.339050
-0.349352
-0.358596
-0.363801
-0.369032
-0.368408
-0.366312
-0.358363
-0.345370
-0.326807
-0.302188
-0.276455
-0.247265
-0.215215
-0.185034
-0.160589
-0.149502
-0.135335
-0.119488
-0.102273
-0.086308
-0.073035
-0.059981
-0.045217
-0.033345
-0.020181
-0.010458
-0.001515
0.011159
0.021078
0.025160
0.028251
0.032983
0.033766
0.032173
0.026588
0.015613
0.003878
-0.011155
-0.026546
-0.040256
-0.058946
-0.078622
-0.100562
-0.117463
-0.133457
-0.152175
-0.167339
-0.184460
-0.198929
-0.215606
-0.230711
-0.247008
-0.256715
-0.266291
-0.272373
-0.271115
-0.270822
-0.267104
-0.262688
-0.256880
-0.247497
-0.235653
-0.220689
-0.207276
-0.188934
-0.168369
-0.143552
-0.116172
-0.097031
-0.094891
-0.098157
-0.093833
-0.086447
-0.072535
-0.049276
-0.016094
0.022041
0.066182
0.119161
0.175575
0.234207
0.295619
0.346505
0.378907
0.399669
0.425586
0.436493
0.444615
0.469576
0.479531
0.469717
0.461444
0.451295
0.442621
0.423136
0.408163
0.384298
0.345776
0.306447
0.257724
0.204526
0.147255
0.088145
0.032164
-0.012655
-0.048606
-0.079352
-0.103381
-0.120854
-0.128941
-0.130960
-0.134637
-0.137363
-0.153175
-0.166461
-0.176368
-0.185908
-0.206061
-0.224836
-0.240291
-0.254043
-0.258306
-0.245814
-0.219361
-0.176396
-0.123043
-0.071629
-0.031258
0.014191
0.042507
0.064129
0.082004
0.111245
0.152930
0.195972
0.228205
0.248566
0.270653
0.298721
0.313432
0.331025
0.338407
0.349692
0.355872
0.359114
0.352042
0.338658
0.314567
0.291012
0.274974
0.255310
0.234200
0.191386
0.146807
0.104490
0.060287
0.010280
-0.053590
-0.118574
-0.175967
-0.225194
-0.273437
-0.326234
-0.376854
-0.416361
-0.444161
-0.480039
-0.512452
-0.535026
-0.550809
-0.559902
-0.566976
-0.575633
-0.580577
-0.575310
-0.569718
-0.564143
-0.573646
-0.579436
-0.579037
-0.574748
-0.565021
-0.545889
-0.519631
-0.483976
-0.436634
-0.393598
-0.360737
-0.316542
-0.263280
-0.203576
-0.144084
-0.078230
-0.000924
0.078415
0.148850
0.224360
0.308510
0.402225
0.505404
0.612449
0.713309
0.815237
0.919778
1.020566
1.084407
1.077491
1.049348
1.010847
0.979924
0.917110
0.801328
0.680302
0.555483
0.432053
0.330382
0.246359
0.167477
0.109982
0.061191
0.020691
-0.009323
-0.040338
-0.057407
-0.053011
-0.047353
-0.049064
-0.052790
-0.063636
-0.085463
-0.089301
-0.111724
-0.152868
-0.178091
-0.178784
-0.170052
-0.192094
-0.223745
-0.254733
-0.287504
-0.330445
-0.369260
-0.391333
-0.390278
-0.401647
-0.416473
-0.417097
-0.397677
-0.378027
-0.372335
-0.355666
-0.325843
-0.279035
-0.221341
-0.168675
-0.122509
-0.097074
-0.068791
-0.049108
-0.044341
-0.050137
-0.065753
-0.081837
-0.101786
-0.107134
-0.095989
-0.076961
-0.049617
-0.025492
0.014187
0.036739
0.044897
0.059128
0.096281
0.130920
0.186363
0.249365
0.303686
0.329311
0.354925
0.364160
0.353744
0.361322
0.376463
0.359891
0.334575
0.308919
0.262592
0.203329
0.132922
0.070107
0.025050
0.013829
0.006731
-0.003507
-0.022368
-0.046929
-0.067846
-0.083321
-0.098168
-0.088356
-0.087138
-0.089754
-0.078446
-0.054294
-0.042242
-0.044454
-0.036844
-0.023853
-0.019104
-0.034850
-0.022208
0.020260
0.058183
0.074027
0.086372
0.091374
0.103392
0.112810
0.131718
0.152075
0.178854
0.212593
0.221353
0.226748
0.257191
0.288195
0.307540
0.338620
0.325526
0.318372
0.306642
0.292418
0.262096
0.217861
0.166996
0.112617
0.052498
-0.012297
-0.080350
-0.138892
-0.178301
-0.207144
-0.229244
-0.261019
-0.310847
-0.356532
-0.399450
-0.433458
-0.460987
-0.484426
-0.505475
-0.511324
-0.498625
-0.475301
-0.472679
-0.476626
-0.473604
-0.460256
-0.453355
-0.431743
-0.392848
-0.339992
-0.274437
-0.204292
-0.135200
-0.076594
-0.015324
0.051032
0.118149
0.175170
0.201045
0.183519
0.172506
0.167114
0.173256
0.175190
0.144984
0.126248
0.107798
0.092990
0.077697
0.066416
0.036604
-0.005572
-0.044924
-0.074080
-0.089228
-0.094475
-0.089812
-0.099213
-0.098577
-0.086991
-0.062414
-0.031529
0.008149
0.044749
0.082576
0.118255
0.146472
0.160984
0.182109
0.203047
0.227284
0.250731
0.287233
0.316211
0.324297
0.326365
0.323202
0.302587
0.271696
0.246641
0.209618
0.155568
0.097130
0.023175
-0.036469
-0.072410
-0.102109
-0.125894
-0.157963
-0.181541
-0.223886
-0.241096
-0.248897
-0.243730
-0.230421
-0.213284
-0.190432
-0.150118
-0.131646
-0.110724
-0.092211
-0.067340
-0.038561
0.001657
0.049939
0.078748
0.069389
0.055502
0.015895
-0.030430
-0.052316
-0.070870
-0.083557
-0.090841
-0.097377
-0.117197
-0.152273
-0.174483
-0.167975
-0.146985
-0.121995
-0.076990
-0.015546
0.056256
0.129670
0.196360
0.231794
0.251039
0.281610
0.309385
0.334920
0.350379
0.353530
0.302483
0.264578
0.220780
0.165313
0.111303
0.070395
0.031526
0.009183
-0.002917
-0.018702
-0.025972
-0.010156
0.010403
0.019912
0.017660
0.022715
0.037450
0.060664
0.080365
0.099044
0.111847
0.091857
0.063239
0.029915
0.002175
-0.009858
-0.001833
0.018932
0.046377
0.080679
0.095355
0.073403
0.034417
0.010356
0.001703
-0.008841
-0.027562
-0.039681
-0.037900
-0.029541
0.005091
0.024429
0.049662
0.065977
0.075625
0.107260
0.141293
0.185422
0.208201
0.197361
0.165468
0.120126
0.075652
0.040077
0.017443
0.006607
-0.022945
-0.060303
-0.097825
-0.160548
-0.219606
-0.271678
-0.316795
-0.360555
-0.392309
-0.417853
-0.432312
-0.439587
-0.438467
-0.441736
-0.452308
-0.459624
-0.462990
-0.456916
-0.439333
-0.413743
-0.380778
-0.336637
-0.280383
-0.218681
-0.159101
-0.110735
-0.077964
-0.037164
0.009457
0.053996
0.093210
0.097125
0.078030
0.070659
0.061480
0.035401
0.016992
0.014920
0.026950
0.047419
0.063912
0.080975
0.101910
0.125637
0.150622
0.188165
0.232126
0.246387
0.263629
0.272924
0.276887
0.265028
0.260747
0.266749
0.256924
0.234708
0.222327
0.216527
0.195710
0.162308
0.140046
0.126691
0.113295
0.094119
0.058794
0.015812
-0.016422
-0.022240
-0.019459
-0.004097
-0.010987
-0.012880
-0.008745
-0.017969
-0.008876
-0.019611
0.001073
0.027646
0.055215
0.064497
0.057017
0.050478
0.065339
0.089370
0.111280
0.122051
0.125708
0.132711
0.142290
0.102535
0.040970
-0.006631
-0.035158
-0.049430
-0.061998
-0.056350
-0.044515
-0.025832
-0.008990
0.014389
0.018254
0.013963
0.004656
-0.016449
-0.038295
-0.055166
-0.056827
-0.053132
-0.052094
-0.054185
-0.067287
-0.070979
-0.059486
-0.063139
-0.073644
-0.073333
-0.077102
-0.078306
-0.057130
-0.035555
-0.029596
-0.013612
0.000528
0.000107
0.000544
0.008440
0.018238
0.016995
-0.009160
-0.023438
-0.037148
-0.028093
-0.007892
0.019509
0.031409
0.011163
-0.048589
-0.096763
-0.138706
-0.173984
-0.199572
-0.212261
-0.206100
-0.190664
-0.172735
-0.156697
-0.125911
-0.088270
-0.057215
-0.045626
-0.044684
-0.052033
-0.043210
-0.033312
-0.016298
-0.013735
-0.006066
-0.004052
0.002046
0.018574
0.049823
0.091234
0.115897
0.108525
0.110360
0.127421
0.141117
0.154731
0.169943
0.172558
0.167564
0.171672
0.141370
0.088860
0.032371
-0.003175
-0.017318
-0.022213
-0.017352
-0.010044
-0.028062
-0.043107
-0.056973
-0.039502
-0.018072
-0.013079
-0.004691
0.018087
0.056915
0.081542
0.118553
0.132062
0.139647
0.173470
0.207033
0.239538
0.242044
0.232145
0.226766
0.223167
0.208636
0.191684
0.182693
0.169371
0.144396
0.129838
0.123578
0.109134
0.081480
0.070898
0.046620
0.028840
0.009756
-0.001854
-0.021451
-0.029345
-0.052946
-0.079730
-0.098720
-0.132794
-0.163261
-0.188029
-0.223271
-0.265427
-0.296322
-0.318070
-0.326912
-0.314972
-0.290380
-0.293736
-0.310157
-0.315655
-0.308188
-0.295773
-0.291274
-0.290034
-0.272888
-0.262167
-0.253734
-0.232931
-0.213572
-0.201901
-0.179435
-0.154230
-0.126628
-0.099430
-0.056787
-0.030625
-0.011750
0.020749
0.042429
0.054105
0.074267
0.105139
0.138058
0.147372
0.147370
0.143537
0.147045
0.169587
0.185338
0.190783
0.177180
0.161232
0.150696
0.141665
0.138558
0.156509
0.167649
0.166994
0.155738
0.151176
0.161493
0.178152
0.177878
0.181605
0.173182
0.166422
0.162176
0.165418
0.173486
0.164049
0.145306
0.101638
0.058602
0.034930
0.013983
-0.013918
-0.037081
-0.037945
-0.036364
-0.012423
0.032051
0.055386
0.052717
0.046247
0.050131
0.027135
0.020076
0.020201
0.038250
0.058643
0.070955
0.074636
0.066825
0.049596
0.021865
-0.025308
-0.065261
-0.102461
-0.115923
-0.118032
-0.110573
-0.087621
-0.074426
-0.075826
-0.063108
-0.051613
-0.031136
-0.001512
0.031253
0.038933
0.048060
0.059254
0.052911
0.016503
-0.019335
-0.048523
-0.064083
-0.081642
-0.107372
-0.156468
-0.206730
-0.252335
-0.283801
-0.299489
-0.326529
-0.359177
-0.381026
-0.394352
-0.398910
-0.382600
-0.355769
-0.316682
-0.268175
-0.212867
-0.150624
-0.075130
0.001395
0.043622
0.087979
0.135435
0.174295
0.182279
0.185295
0.207815
0.229198
0.248118
0.263498
0.255210
0.231598
0.201924
0.181543
0.164431
0.163853
0.143618
0.105432
0.078655
0.055440
0.031808
0.025742
-0.000373
-0.044434
-0.085474
-0.108623
-0.136087
-0.169111
-0.187383
-0.199116
-0.211591
-0.214009
-0.182551
-0.128260
-0.083046
-0.045842
-0.007511
0.020842
0.027849
0.044687
0.078786
0.124708
0.190959
0.260900
0.329502
0.383779
0.384505
0.376065
0.381963
0.400766
0.444746
0.505146
0.564039
0.622114
0.667267
0.632245
0.583989
0.532341
0.458842
0.383886
0.322139
0.267974
0.224795
0.187765
0.157239
0.120912
0.055085
-0.021165
-0.113424
-0.203083
-0.288316
-0.347091
-0.404302
-0.449974
-0.494800
-0.541475
-0.568847
-0.586764
-0.582391
-0.578584
-0.580935
-0.564028
-0.545045
-0.526946
-0.533501
-0.542394
-0.544337
-0.538732
-0.522528
-0.495299
-0.463644
-0.428257
-0.398995
-0.379905
-0.356960
-0.335461
-0.329578
-0.313204
-0.294796
-0.262377
-0.225464
-0.184523
-0.138454
-0.088764
-0.039820
0.013625
0.066930
0.121759
0.182407
0.245147
0.309223
0.380959
0.455295
0.532709
0.608763
0.660624
0.698390
0.714261
0.667892
0.577100
0.500049
0.435457
0.363615
0.312170
0.263557
0.189101
0.124328
0.076469
0.042367
-0.010522
-0.084655
-0.155160
-0.198400
-0.231977
-0.292011
-0.328058
-0.355636
-0.364581
-0.408205
-0.426998
-0.421677
-0.390574
-0.331268
-0.278683
-0.227828
-0.183555
-0.123835
-0.068349
-0.019899
0.043504
0.118667
0.171878
0.210064
0.254382
0.301071
0.362713
0.412857
0.455240
0.485215
0.511464
0.536707
0.552015
0.561922
0.582582
0.588852
0.562263
0.529618
0.487762
0.452376
0.431951
0.413355
0.406446
0.401255
0.402545
0.392948
0.335011
0.265184
0.201206
0.140589
0.079450
0.023724
-0.036599
-0.094927
-0.151475
-0.211147
-0.271558
-0.319993
-0.357814
-0.388929
-0.416647
-0.439111
-0.440871
-0.441616
-0.431489
-0.422198
-0.412769
-0.395715
-0.367778
-0.350732
-0.334530
-0.305084
-0.285106
-0.268618
-0.247573
-0.244797
-0.245670
-0.225440
-0.205174
-0.202439
-0.212103
-0.214599
-0.212369
-0.215705
-0.217886
-0.217180
-0.213986
-0.212453
-0.222396
-0.226759
-0.219274
-0.208950
-0.198745
-0.186204
-0.177436
-0.168192
-0.158076
-0.142442
-0.126390
-0.103895
-0.079387
-0.050187
-0.016972
0.021296
0.060119
0.089922
0.096064
0.090081
0.095242
0.095838
0.088009
0.085024
0.092604
0.109163
0.129658
0.125517
0.114966
0.125754
0.159096
0.200317
0.240031
0.275534
0.318109
0.332248
0.308202
0.271169
0.238882
0.196852
0.159376
0.128519
0.088522
0.046768
0.005510
-0.028170
-0.058144
-0.090749
-0.130379
-0.166862
-0.209032
-0.230052
-0.235719
-0.228942
-0.209690
-0.174988
-0.132644
-0.083135
-0.050947
-0.032264
-0.007603
0.025994
0.052525
0.075252
0.079025
0.086833
0.097641
0.089053
0.046394
0.002010
-0.033867
-0.092454
-0.150312
-0.197770
-0.242482
-0.272687
-0.299414
-0.299298
-0.279927
-0.245618
-0.203943
-0.150407
-0.083422
-0.000915
0.095459
0.167882
0.219835
0.284289
0.365861
0.458266
0.552140
0.648124
0.744009
0.845717
0.938810
1.014890
0.996412
0.935503
0.856499
0.768529
0.653381
0.520633
0.393735
0.285846
0.182206
0.087181
-0.008874
-0.121038
-0.228941
-0.331145
-0.427320
-0.509802
-0.578156
-0.632696
-0.688719
-0.731877
-0.762487
-0.780492
-0.799643
-0.823032
-0.832422
-0.841051
-0.833547
-0.815683
-0.785689
-0.749139
-0.703508
-0.649047
-0.585112
-0.517859
-0.436940
-0.343349
-0.242246
-0.128424
-0.013621
0.096509
0.206672
0.308957
0.376884
0.404247
0.422119
0.449870
0.492712
0.517825
0.532257
0.522296
0.513515
0.510392
0.508515
0.496408
0.483017
0.449568
0.434521
0.437980
0.444136
0.433259
0.417868
0.361451
0.292661
0.251288
0.211784
0.176355
0.138747
0.101652
0.084232
0.070796
0.044170
0.009714
-0.025476
-0.054136
-0.088537
-0.157026
-0.210358
-0.242009
-0.279511
-0.328695
-0.381929
-0.425459
-0.432348
-0.452366
-0.455931
-0.430561
-0.397015
-0.356049
-0.336352
-0.312918
-0.297679
-0.306886
-0.298425
-0.314719
-0.313629
-0.282310
-0.254342
-0.220443
-0.191236
-0.157696
-0.111337
-0.067654
-0.006608
0.061832
0.115152
0.160766
0.212033
0.264522
0.330661
0.409828
0.518786
0.607639
0.671608
0.749361
0.809401
0.841268
0.862604
0.897860
0.948719
0.978307
0.972230
0.896296
0.781112
0.655796
0.531204
0.412441
0.304999
0.206398
0.115572
0.026613
-0.052713
-0.124680
-0.192321
-0.256503
-0.316270
-0.373356
-0.425672
-0.475233
-0.519515
-0.558828
-0.593239
-0.619327
-0.642145
-0.659500
-0.667278
-0.666644
-0.663650
-0.655425
-0.643583
-0.629581
-0.612897
-0.585767
-0.554190
-0.514532
-0.474224
-0.427779
-0.376040
-0.317462
-0.254020
-0.192169
-0.137999
-0.094659
-0.049455
-0.000389
0.044093
0.078033
0.105414
0.121702
0.127645
0.132592
0.129984
0.116023
0.110260
0.120546
0.140202
0.166629
0.200202
0.246641
0.285704
0.312780
0.349949
0.397408
0.445756
0.497628
0.540304
0.570698
0.592088
0.607700
0.605794
0.590203
0.565301
0.547786
0.516762
0.446596
0.363469
0.288574
0.219839
0.162436
0.111398
0.064530
0.018315
-0.026238
-0.068868
-0.105558
-0.136952
-0.161396
-0.181110
-0.197159
-0.211314
-0.220340
-0.227211
-0.235046
-0.241217
-0.242821
-0.240386
-0.240544
-0.241481
-0.243775
-0.242862
-0.239994
-0.233249
-0.225947
-0.214505
-0.205509
-0.197455
-0.189935
-0.183738
-0.176710
-0.175155
-0.171708
-0.169563
-0.163773
-0.151279
-0.140680
-0.129415
-0.122658
-0.113559
-0.107501
-0.102384
-0.102186
-0.101465
-0.102285
-0.109967
-0.120014
-0.133419
-0.144846
-0.153793
-0.162665
-0.174067
-0.182674
-0.193346
-0.206632
-0.218238
-0.230638
-0.238729
-0.239923
-0.240503
-0.238359
-0.228471
-0.216130
-0.201502
-0.186047
-0.168499
-0.146384
-0.124133
-0.099689
-0.074829
-0.050706
-0.015154
0.025729
0.072512
0.126345
0.167256
0.191243
0.219889
0.253026
0.272604
0.270382
0.254725
0.247087
0.247155
0.239959
0.235287
0.237780
0.242568
0.238739
0.239758
0.246861
0.247684
0.238048
0.224330
0.221976
0.213306
0.192865
0.169193
0.138000
0.104391
0.060424
0.025453
0.003594
-0.025625
-0.052181
-0.069225
-0.077041
-0.070108
-0.052844
-0.030435
0.001555
0.050214
0.107337
0.146324
0.182492
0.202908
0.209367
0.215990
0.233841
0.233342
0.218589
0.219129
0.215667
0.207466
0.188145
0.167034
0.163546
0.166353
0.162612
0.162464
0.152936
0.141701
0.139203
0.130560
0.113916
0.093431
0.077201
0.052293
0.021611
-0.007051
-0.035627
-0.081378
-0.147893
-0.200744
-0.246560
-0.278287
-0.307409
-0.360078
-0.424717
-0.487066
-0.543316
-0.593091
-0.637995
-0.672960
-0.692636
-0.707943
-0.713352
-0.710103
-0.703745
-0.684981
-0.654955
-0.612710
-0.561958
-0.507186
-0.437937
-0.365630
-0.298912
-0.252395
-0.198524
-0.127587
-0.046261
0.034074
0.118533
0.213933
0.290704
0.336176
0.400077
0.476169
0.554033
0.619043
0.683133
0.767135
0.877799
1.000767
1.070026
0.989824
0.817565
0.641593
0.428610
0.247928
0.092407
-0.042834
-0.155258
-0.222667
-0.254571
-0.261615
-0.306150
-0.346965
-0.325978
-0.179198
0.029931
0.194256
0.159844
0.191688
0.197552
0.104379
0.022358
-0.036708
0.052581
0.058828
0.116247
0.070052
0.179799
-1.000000
-1.000000
-1.000000
-1.000000
