-1.000000
-1.000000
-1.000000
-1.000000
-0.327107
-0.329621
-0.335090
-0.345083
-0.355410
-0.372433
-0.385512
-0.399608
-0.413765
-0.423367
-0.418591
-0.393814
-0.347197
-0.271430
-0.183083
-0.091803
-0.001002
0.097092
0.200460
0.310200
0.412589
0.478023
0.516724
0.553923
0.529389
0.507215
0.514900
0.538545
0.533881
0.519015
0.516964
0.519771
0.509192
0.476995
0.434556
0.367260
0.275022
0.201482
0.142178
0.105171
0.085440
0.064098
0.026543
0.004193
0.000466
0.014676
0.055347
0.089992
0.132988
0.154298
0.154596
0.144479
0.134908
0.121246
0.116241
0.124109
0.114569
0.085221
0.067145
0.067594
0.063030
0.045873
0.023038
-0.009802
-0.034537
-0.041009
-0.023583
-0.015181
-0.022753
-0.034214
-0.040099
-0.062925
-0.093930
-0.117301
-0.133254
-0.138927
-0.131221
-0.123058
-0.133755
-0.153323
-0.192366
-0.227197
-0.264893
-0.297326
-0.326013
-0.341226
-0.345130
-0.345116
-0.341769
-0.332918
-0.313976
-0.286161
-0.256881
-0.233298
-0.197698
-0.175048
-0.154419
-0.131519
-0.106918
-0.080818
-0.055641
-0.021546
0.019916
0.063615
0.113426
0.150632
0.154665
0.148888
0.151765
0.173080
0.190918
0.212262
0.241526
0.254948
0.258432
0.262988
0.258553
0.257445
0.245262
0.244495
0.243500
0.210296
0.158089
0.108318
0.075069
0.054608
0.044900
0.040168
0.033945
0.030069
0.030167
0.041046
0.067387
0.101791
0.139065
0.172230
0.203578
0.227066
0.229636
0.240099
0.257301
0.266725
0.245774
0.224639
0.202350
0.162231
0.115323
0.070514
0.025352
-0.023219
-0.065657
-0.107399
-0.145941
-0.184912
-0.214389
-0.243239
-0.267807
-0.286204
-0.295843
-0.292811
-0.286697
-0.277316
-0.264020
-0.243551
-0.228105
-0.223348
-0.216556
-0.206008
-0.194193
-0.173717
-0.157831
-0.137799
-0.138623
-0.152625
-0.162837
-0.161470
-0.153806
-0.139595
-0.122679
-0.103359
-0.083784
-0.050286
-0.023927
-0.002507
-0.010085
-0.028657
-0.045957
-0.054498
-0.061866
-0.062538
-0.060781
-0.058208
-0.050494
-0.040275
-0.034220
-0.024017
-0.010945
-0.005029
-0.001102
0.012529
0.042230
0.082688
0.134469
0.192012
0.256562
0.295019
0.279788
0.265451
0.249154
0.233320
0.206716
0.176538
0.137189
0.096231
0.049605
0.000432
-0.042495
-0.076918
-0.111711
-0.136327
-0.162918
-0.188327
-0.210120
-0.230226
-0.245349
-0.263381
-0.293267
-0.318488
-0.337670
-0.344457
-0.354433
-0.358526
-0.358346
-0.346476
-0.328923
-0.302887
-0.249399
-0.184516
-0.110223
-0.032483
0.046654
0.117815
0.186536
0.251468
0.330520
0.382216
0.414144
0.398696
0.351235
0.310421
0.276363
0.244565
0.216477
0.195176
0.184786
0.172647
0.166752
0.168955
0.188343
0.215314
0.207840
0.201668
0.184014
0.169602
0.121620
0.077986
0.037919
0.004743
-0.010142
-0.004818
0.004966
-0.000847
-0.001382
0.012434
0.033708
0.052849
0.064834
0.077533
0.090725
0.092220
0.065628
0.046811
-0.015142
-0.088193
-0.158702
-0.218429
-0.263613
-0.297068
-0.314740
-0.323579
-0.329480
-0.321482
-0.296706
-0.256911
-0.215821
-0.164180
-0.098491
-0.019756
0.068257
0.100745
0.107308
0.115586
0.129745
0.122531
0.133280
0.165031
0.201678
0.259747
0.325443
0.390983
0.459209
0.490532
0.456569
0.419423
0.396501
0.366083
0.296355
0.225624
0.162377
0.102611
0.055996
0.012930
-0.023537
-0.054940
-0.079116
-0.099436
-0.116315
-0.121421
-0.116092
-0.106133
-0.097352
-0.079217
-0.050505
-0.009578
0.022893
0.049004
0.037511
0.029353
0.027693
-0.001661
-0.037936
-0.070876
-0.114364
-0.179726
-0.243072
-0.293317
-0.326518
-0.359371
-0.393458
-0.424675
-0.446780
-0.458503
-0.471249
-0.474633
-0.471041
-0.459071
-0.434098
-0.402952
-0.366589
-0.324990
-0.281578
-0.233891
-0.181996
-0.125831
-0.065475
0.000447
0.055064
0.111269
0.178207
0.234043
0.280478
0.318884
0.352833
0.388354
0.381515
0.376261
0.381090
0.367110
0.342498
0.300177
0.237468
0.184493
0.140712
0.092798
0.020210
-0.037189
-0.089566
-0.126205
-0.154879
-0.175200
-0.180107
-0.164492
-0.124346
-0.073944
-0.038903
-0.003229
0.048311
0.098637
0.140324
0.188462
0.245919
0.307449
0.360096
0.387319
0.371592
0.376934
0.401333
0.425766
0.454719
0.471296
0.467314
0.467776
0.454716
0.430239
0.397954
0.380493
0.369338
0.326578
0.273517
0.215023
0.149533
0.092403
0.036800
-0.022901
-0.079481
-0.123350
-0.161252
-0.199452
-0.235974
-0.266622
-0.290588
-0.315032
-0.335278
-0.358370
-0.386015
-0.407946
-0.424444
-0.437431
-0.445853
-0.447226
-0.439182
-0.421942
-0.403853
-0.390162
-0.373257
-0.357672
-0.339243
-0.315943
-0.283704
-0.250916
-0.212649
-0.171843
-0.129847
-0.096048
-0.063982
-0.024277
0.025133
0.077850
0.124158
0.171987
0.218469
0.257956
0.274848
0.242834
0.186182
0.128355
0.072390
0.011187
-0.052236
-0.114749
-0.165492
-0.209134
-0.250736
-0.294477
-0.333906
-0.365290
-0.391549
-0.422568
-0.451660
-0.472497
-0.486049
-0.491501
-0.487924
-0.477716
-0.454723
-0.422740
-0.383626
-0.334598
-0.279853
-0.220924
-0.156070
-0.085567
-0.017641
0.059204
0.146636
0.224345
0.286325
0.354525
0.431856
0.514741
0.581109
0.644699
0.704847
0.758794
0.818887
0.880550
0.906329
0.901356
0.845926
0.786790
0.733597
0.680631
0.628015
0.569309
0.506096
0.425530
0.327736
0.205770
0.085209
-0.030766
-0.137245
-0.235372
-0.328601
-0.418925
-0.499779
-0.566179
-0.618067
-0.659391
-0.686626
-0.701178
-0.702753
-0.688094
-0.660789
-0.623708
-0.577336
-0.519285
-0.455003
-0.385236
-0.310499
-0.237184
-0.157748
-0.075239
0.002242
0.075056
0.155862
0.226919
0.282898
0.337390
0.369205
0.399288
0.421946
0.450410
0.483903
0.516176
0.514197
0.493818
0.451669
0.386522
0.321969
0.267447
0.217259
0.178254
0.139182
0.106981
0.078201
0.056241
0.040020
0.024843
0.019345
0.019793
0.010382
-0.007622
-0.011317
-0.018846
-0.037967
-0.050692
-0.063476
-0.076466
-0.084298
-0.082224
-0.074218
-0.062872
-0.041563
-0.011933
0.026299
0.066691
0.095656
0.123215
0.151966
0.184279
0.193403
0.193854
0.199524
0.211300
0.229315
0.224309
0.209867
0.196494
0.163924
0.131483
0.096825
0.057383
0.013726
-0.028058
-0.060336
-0.089341
-0.108756
-0.127539
-0.142069
-0.150992
-0.154721
-0.156923
-0.157340
-0.150426
-0.141941
-0.131935
-0.137411
-0.153196
-0.165273
-0.170658
-0.175013
-0.175291
-0.172895
-0.174257
-0.174954
-0.178211
-0.184634
-0.187867
-0.186032
-0.180447
-0.173586
-0.167923
-0.157831
-0.146990
-0.135707
-0.126892
-0.117251
-0.105388
-0.093135
-0.083447
-0.071716
-0.055737
-0.040266
-0.027690
-0.017533
-0.008042
0.003748
0.013805
0.020994
0.025267
0.031371
0.032035
0.035464
0.037593
0.036676
0.033730
0.026644
0.021374
0.018630
0.015326
0.011186
0.004930
0.001739
0.002750
0.005672
0.004758
0.009728
0.018886
0.026534
0.032455
0.037857
0.039451
0.038157
0.036669
0.036676
0.036218
0.035420
0.036627
0.038899
0.042134
0.040488
0.039512
0.038974
0.037775
0.033441
0.028250
0.025224
0.022414
0.018742
0.022259
0.026659
0.031280
0.030577
0.031021
0.029357
0.024331
0.021407
0.019251
0.014391
0.010231
0.005954
-0.000266
-0.006562
-0.016091
-0.027844
-0.037045
-0.045212
-0.049483
-0.052529
-0.057975
-0.059874
-0.061828
-0.060671
-0.060256
-0.057718
-0.054002
-0.050654
-0.046989
-0.044317
-0.039211
-0.038113
-0.034830
-0.033654
-0.028803
-0.023148
-0.017573
-0.011170
-0.008302
-0.002271
0.005413
0.011069
0.019359
0.024955
0.032809
0.042717
0.047418
0.053692
0.061292
0.069575
0.073865
0.073517
0.069273
0.062740
0.059149
0.054955
0.052466
0.047770
0.039344
0.028142
0.014640
0.001702
-0.012758
-0.025756
-0.036017
-0.048240
-0.060213
-0.069337
-0.075289
-0.080485
-0.086415
-0.088250
-0.091704
-0.094296
-0.093352
-0.087436
-0.080634
-0.071109
-0.064930
-0.062140
-0.065053
-0.071584
-0.075177
-0.077024
-0.074054
-0.073222
-0.070096
-0.067077
-0.062341
-0.052046
-0.041233
-0.027792
-0.014338
-0.001790
0.013087
0.028924
0.045763
0.064423
0.082179
0.099503
0.114383
0.131072
0.145719
0.163984
0.186815
0.214634
0.239966
0.248327
0.237911
0.217289
0.191801
0.167064
0.141424
0.117176
0.094407
0.073365
0.052779
0.028828
0.006937
-0.012705
-0.030456
-0.043497
-0.055910
-0.064864
-0.071827
-0.072954
-0.072969
-0.071027
-0.067937
-0.060738
-0.052498
-0.044811
-0.039163
-0.035610
-0.033078
-0.032956
-0.034034
-0.036254
-0.035424
-0.031749
-0.026547
-0.021419
-0.016882
-0.011772
-0.005577
-0.000546
0.003279
0.005733
0.003964
-0.003079
-0.012153
-0.022462
-0.031606
-0.038359
-0.045113
-0.048994
-0.049991
-0.049125
-0.049259
-0.046639
-0.044422
-0.040045
-0.037701
-0.037579
-0.038370
-0.038049
-0.038716
-0.037275
-0.033420
-0.029126
-0.026538
-0.027451
-0.031933
-0.037429
-0.046468
-0.053931
-0.059190
-0.062844
-0.061158
-0.058406
-0.051042
-0.043818
-0.039744
-0.036830
-0.029609
-0.026134
-0.022355
-0.018679
-0.015517
-0.010708
-0.009349
-0.010606
-0.013971
-0.015365
-0.017504
-0.019132
-0.019286
-0.020005
-0.019882
-0.022901
-0.026078
-0.028953
-0.029386
-0.025360
-0.017219
-0.005276
0.003795
0.016740
0.036940
0.057798
0.079398
0.100770
0.112280
0.120182
0.129492
0.142103
0.158283
0.178429
0.204177
0.226626
0.235701
0.218324
0.188822
0.162501
0.144225
0.127546
0.110270
0.086647
0.061931
0.044817
0.030367
0.018012
0.005800
-0.005931
-0.011447
-0.014311
-0.018578
-0.025326
-0.032566
-0.039511
-0.043537
-0.047939
-0.051707
-0.051751
-0.052655
-0.054187
-0.055961
-0.055034
-0.052343
-0.048377
-0.043358
-0.041896
-0.035271
-0.029849
-0.023295
-0.015606
-0.014294
-0.013250
-0.012911
-0.019356
-0.027480
-0.035070
-0.039689
-0.040810
-0.039875
-0.039759
-0.040088
-0.043553
-0.045337
-0.042709
-0.042960
-0.044697
-0.045900
-0.047259
-0.047604
-0.049477
-0.051967
-0.059358
-0.067727
-0.070477
-0.070179
-0.069115
-0.067617
-0.067926
-0.068299
-0.067338
-0.066908
-0.066916
-0.066520
-0.064645
-0.065464
-0.066576
-0.070607
-0.073666
-0.076240
-0.075188
-0.070516
-0.061900
-0.050938
-0.034068
-0.013809
0.007803
0.025921
0.038536
0.051737
0.070948
0.091392
0.111975
0.135649
0.129765
0.107162
0.085255
0.064846
0.046035
0.032619
0.023692
0.016587
0.009668
0.005220
0.001212
-0.003765
-0.006106
-0.006415
-0.005732
-0.007895
-0.011148
-0.016746
-0.032793
-0.061156
-0.087987
-0.110920
-0.127507
-0.141162
-0.149262
-0.153306
-0.150482
-0.144035
-0.135236
-0.124124
-0.108093
-0.088089
-0.064778
-0.036907
-0.006603
0.024363
0.066198
0.111692
0.158370
0.204609
0.222951
0.223584
0.228286
0.234692
0.239454
0.243826
0.250503
0.248658
0.227589
0.194387
0.165822
0.143854
0.123322
0.103726
0.092498
0.085209
0.082269
0.081702
0.084946
0.093328
0.100165
0.111530
0.121890
0.135350
0.118324
0.093525
0.069286
0.047559
0.028563
0.009559
-0.007446
-0.024854
-0.036355
-0.044355
-0.051438
-0.058732
-0.065902
-0.074773
-0.086144
-0.097668
-0.106685
-0.112973
-0.115639
-0.120151
-0.127336
-0.129904
-0.127379
-0.120974
-0.114906
-0.107234
-0.098217
-0.089805
-0.081440
-0.073574
-0.065311
-0.056691
-0.049041
-0.043772
-0.035996
-0.032865
-0.031958
-0.034530
-0.037994
-0.038806
-0.041961
-0.043059
-0.046934
-0.047328
-0.048214
-0.048045
-0.046036
-0.044899
-0.042427
-0.037478
-0.029912
-0.021768
-0.011478
0.001964
0.014217
0.026130
0.034078
0.043271
0.050137
0.054414
0.061258
0.069024
0.074079
0.072569
0.069558
0.070494
0.065750
0.058426
0.052653
0.043850
0.031989
0.023056
0.015528
0.006880
-0.001513
-0.013740
-0.025404
-0.036859
-0.042077
-0.047231
-0.052266
-0.055823
-0.058980
-0.060358
-0.064494
-0.069190
-0.072863
-0.077425
-0.080304
-0.085618
-0.089244
-0.094197
-0.096901
-0.097705
-0.102117
-0.106949
-0.108659
-0.105092
-0.101789
-0.095003
-0.082441
-0.071704
-0.060133
-0.046634
-0.034375
-0.018169
-0.005514
0.008257
0.020607
0.037635
0.058556
0.077207
0.096129
0.113343
0.137530
0.164703
0.192840
0.222744
0.248357
0.269223
0.283600
0.294076
0.268919
0.233193
0.203414
0.172133
0.143707
0.117479
0.093484
0.068807
0.048246
0.029075
0.014085
-0.001387
-0.017957
-0.034635
-0.051415
-0.064468
-0.069054
-0.072899
-0.076510
-0.081675
-0.084951
-0.085950
-0.087045
-0.088391
-0.089361
-0.091281
-0.091793
-0.090292
-0.090931
-0.091596
-0.087718
-0.082797
-0.075190
-0.069772
-0.064952
-0.062093
-0.056553
-0.051280
-0.047233
-0.044177
-0.041864
-0.039266
-0.032365
-0.026249
-0.016883
-0.004481
0.005137
0.018537
0.029270
0.038086
0.045736
0.052826
0.060271
0.060079
0.054911
0.047735
0.041354
0.032873
0.022919
0.014504
0.009648
0.008446
0.005910
0.005284
0.001708
-0.000594
-0.002410
-0.003642
-0.006014
-0.010167
-0.013246
-0.018187
-0.024709
-0.031374
-0.038683
-0.044552
-0.049859
-0.057434
-0.064184
-0.065876
-0.066653
-0.066224
-0.067387
-0.069292
-0.066415
-0.066495
-0.064391
-0.059255
-0.052257
-0.043408
-0.032984
-0.019877
-0.008058
0.002133
0.014872
0.030576
0.048797
0.068150
0.087088
0.101987
0.109370
0.113611
0.111841
0.106917
0.100991
0.096648
0.093519
0.091985
0.088509
0.081148
0.074699
0.068411
0.063483
0.057506
0.043498
0.027396
0.008374
-0.007877
-0.020011
-0.029241
-0.034435
-0.040902
-0.047071
-0.050866
-0.053148
-0.059609
-0.068138
-0.076322
-0.085027
-0.090546
-0.092429
-0.094916
-0.098409
-0.099133
-0.100063
-0.099510
-0.095942
-0.090869
-0.084446
-0.078450
-0.075346
-0.076846
-0.081257
-0.080271
-0.081456
-0.084376
-0.080096
-0.074221
-0.070857
-0.070438
-0.068702
-0.069387
-0.072814
-0.078063
-0.078770
-0.078897
-0.076808
-0.072534
-0.070333
-0.069584
-0.070627
-0.071379
-0.069454
-0.062759
-0.052459
-0.042686
-0.026222
-0.005322
0.021001
0.054926
0.093683
0.134837
0.177983
0.213299
0.212300
0.196353
0.182231
0.176746
0.171439
0.167302
0.163391
0.162621
0.164470
0.166513
0.170571
0.181020
0.194823
0.215851
0.248360
0.250633
0.230570
0.207386
0.182396
0.159173
0.132088
0.110139
0.092367
0.076755
0.062972
0.048589
0.032464
0.015800
0.001898
-0.006304
-0.014529
-0.023245
-0.032963
-0.043417
-0.054428
-0.063652
-0.075262
-0.082947
-0.089664
-0.095796
-0.102910
-0.111780
-0.116574
-0.116805
-0.116653
-0.118777
-0.123875
-0.124301
-0.124294
-0.126205
-0.125725
-0.121618
-0.112997
-0.107706
-0.098968
-0.092274
-0.084591
-0.075837
-0.065328
-0.052994
-0.042352
-0.032459
-0.021159
-0.008433
0.004601
0.015138
0.026496
0.039537
0.051775
0.064967
0.077061
0.083813
0.090020
0.093381
0.090353
0.081879
0.073285
0.067543
0.062980
0.058278
0.052320
0.045947
0.039251
0.030563
0.022101
0.012711
0.006108
0.001672
-0.001858
-0.007514
-0.018657
-0.026659
-0.033620
-0.035504
-0.037664
-0.038950
-0.038715
-0.037782
-0.038758
-0.041027
-0.042806
-0.047486
-0.051970
-0.057662
-0.061590
-0.064265
-0.062613
-0.056115
-0.048385
-0.047386
-0.048880
-0.050762
-0.055164
-0.057639
-0.056108
-0.054600
-0.048504
-0.041197
-0.037713
-0.035494
-0.035061
-0.035754
-0.039031
-0.040933
-0.037693
-0.034796
-0.030905
-0.027596
-0.025622
-0.021549
-0.013366
-0.000463
0.014688
0.025968
0.036336
0.041627
0.045428
0.046826
0.045084
0.044141
0.046527
0.050543
0.055873
0.060322
0.061655
0.060115
0.058936
0.051629
0.038647
0.027669
0.023779
0.020318
0.011794
0.006538
0.002871
0.003026
0.006818
0.012301
0.016539
0.020081
0.020634
0.018953
0.019143
0.022525
0.027825
0.030864
0.036415
0.042764
0.048813
0.050176
0.048842
0.041851
0.034580
0.032720
0.032730
0.025915
0.022097
0.022865
0.021524
0.022220
0.021571
0.022348
0.019703
0.013817
0.009543
0.002091
-0.007452
-0.018102
-0.028505
-0.033285
-0.034287
-0.033898
-0.031965
-0.033301
-0.033875
-0.036190
-0.035131
-0.031439
-0.025143
-0.017134
-0.009879
-0.005071
-0.001890
0.000875
0.002171
0.005901
0.006602
0.007454
0.004878
-0.000568
-0.005298
-0.007375
-0.004275
-0.005569
-0.004895
-0.001592
0.000734
-0.000380
-0.002902
-0.009500
-0.015153
-0.020324
-0.020957
-0.022903
-0.026590
-0.032436
-0.038493
-0.040643
-0.047796
-0.053808
-0.058580
-0.063377
-0.068493
-0.071493
-0.070746
-0.066296
-0.062005
-0.053383
-0.044761
-0.040347
-0.035822
-0.031837
-0.024559
-0.016178
-0.009340
-0.012106
-0.015584
-0.018342
-0.024309
-0.029683
-0.034336
-0.040957
-0.050242
-0.059320
-0.069113
-0.078748
-0.086043
-0.090690
-0.094687
-0.098583
-0.102255
-0.103510
-0.104829
-0.111583
-0.121808
-0.126909
-0.131324
-0.133946
-0.133102
-0.126422
-0.112370
-0.094440
-0.074107
-0.050607
-0.019109
0.013660
0.049102
0.083838
0.111573
0.142241
0.174704
0.208439
0.241132
0.274353
0.293681
0.300079
0.310838
0.329604
0.346397
0.360163
0.371388
0.368602
0.361739
0.350829
0.306638
0.248349
0.194449
0.149634
0.112005
0.084802
0.061604
0.044139
0.033751
0.024194
0.016793
0.015183
0.016687
0.023689
0.034315
0.041275
0.019390
-0.011862
-0.040481
-0.063139
-0.081986
-0.098288
-0.111113
-0.121815
-0.131754
-0.140375
-0.142789
-0.142473
-0.138602
-0.132203
-0.126795
-0.122183
-0.118184
-0.115655
-0.110177
-0.102096
-0.089281
-0.069968
-0.050975
-0.038415
-0.030084
-0.024329
-0.022294
-0.019222
-0.014097
-0.010601
-0.012564
-0.014778
-0.014494
-0.018757
-0.025847
-0.033360
-0.042526
-0.047695
-0.055494
-0.072237
-0.093513
-0.116510
-0.139757
-0.159524
-0.178788
-0.202708
-0.221222
-0.231029
-0.235231
-0.245039
-0.260212
-0.272296
-0.282604
-0.291133
-0.300262
-0.313212
-0.324332
-0.331227
-0.336863
-0.342329
-0.343898
-0.343560
-0.339588
-0.335024
-0.322567
-0.303728
-0.277968
-0.245443
-0.208734
-0.163473
-0.115860
-0.063163
-0.005335
0.060732
0.137316
0.222147
0.313274
0.405317
0.500273
0.596182
0.683616
0.765092
0.848916
0.911346
0.931471
0.918109
0.908598
0.903481
0.869886
0.785054
0.688975
0.589802
0.497582
0.410675
0.322333
0.208173
0.079028
-0.043798
-0.161697
-0.266266
-0.360109
-0.443639
-0.514317
-0.573799
-0.619756
-0.650141
-0.655835
-0.649555
-0.634797
-0.599810
-0.555891
-0.504655
-0.445518
-0.380913
-0.302995
-0.207786
-0.106229
0.003052
0.107172
0.211813
0.305330
0.382926
0.459273
0.487989
0.483648
0.464921
0.436687
0.408924
0.373576
0.325894
0.279723
0.232246
0.185809
0.134910
0.086524
0.040126
-0.003367
-0.043475
-0.080420
-0.109562
-0.161524
-0.216524
-0.258853
-0.295749
-0.325583
-0.345446
-0.352179
-0.356905
-0.351497
-0.335392
-0.310180
-0.281342
-0.266605
-0.259110
-0.247900
-0.247207
-0.244833
-0.239452
-0.232053
-0.218603
-0.202500
-0.175983
-0.145913
-0.114721
-0.077511
-0.030163
0.019081
0.069593
0.123649
0.174937
0.230506
0.293033
0.357352
0.393812
0.398982
0.415525
0.413799
0.409485
0.387796
0.383072
0.388298
0.398188
0.425239
0.443555
0.464387
0.470808
0.461623
0.453123
0.433876
0.388020
0.332033
0.275062
0.222158
0.173808
0.126350
0.082234
0.044670
0.011865
-0.014921
-0.037264
-0.064148
-0.094577
-0.120015
-0.141646
-0.160873
-0.174459
-0.192131
-0.205525
-0.220063
-0.231786
-0.234873
-0.233650
-0.233148
-0.235344
-0.236998
-0.236282
-0.237880
-0.235805
-0.227863
-0.215820
-0.203438
-0.193700
-0.179444
-0.168161
-0.155958
-0.144177
-0.129990
-0.113943
-0.098426
-0.084158
-0.069402
-0.053924
-0.040858
-0.025184
-0.013445
-0.003959
0.004316
0.013740
0.016648
0.016767
0.017699
0.019185
0.020726
0.023154
0.023324
0.020256
0.016875
0.012464
0.008307
0.000770
-0.007037
-0.014386
-0.024806
-0.036140
-0.047511
-0.057179
-0.060202
-0.059484
-0.055332
-0.050268
-0.046262
-0.042622
-0.038125
-0.033025
-0.028109
-0.020934
-0.013508
-0.009540
-0.005871
-0.002957
0.000581
0.004097
0.004758
0.006222
0.007224
0.008895
0.012591
0.015275
0.016289
0.013917
0.005913
-0.003772
-0.020323
-0.035295
-0.047943
-0.059648
-0.066169
-0.068477
-0.069813
-0.069490
-0.076046
-0.084977
-0.091787
-0.097163
-0.099981
-0.102975
-0.105695
-0.109290
-0.106621
-0.110093
-0.114327
-0.119984
-0.122525
-0.124790
-0.129172
-0.134120
-0.136312
-0.135990
-0.132404
-0.126782
-0.115847
-0.103377
-0.083718
-0.061379
-0.037529
-0.010224
0.021379
0.052915
0.088330
0.127573
0.170374
0.213548
0.249593
0.291556
0.341385
0.389640
0.443787
0.493755
0.516107
0.511691
0.511671
0.510243
0.455487
0.391981
0.334461
0.276685
0.224458
0.180186
0.136569
0.093720
0.055101
0.019603
-0.013257
-0.038666
-0.056734
-0.072686
-0.088642
-0.102536
-0.114517
-0.131239
-0.143637
-0.152255
-0.153932
-0.150558
-0.151547
-0.155823
-0.159552
-0.166101
-0.167252
-0.166769
-0.164238
-0.163981
-0.165024
-0.164004
-0.164117
-0.162565
-0.160827
-0.158840
-0.157993
-0.157202
-0.154965
-0.154071
-0.154036
-0.154520
-0.154338
-0.153055
-0.144206
-0.134279
-0.131549
-0.132298
-0.132630
-0.132365
-0.126081
-0.112049
-0.096366
-0.084429
-0.075984
-0.063279
-0.050068
-0.042522
-0.033567
-0.016614
0.004264
0.027677
0.053479
0.080113
0.109538
0.136048
0.126405
0.094726
0.067553
0.041158
0.016244
-0.007947
-0.031472
-0.051794
-0.064441
-0.072150
-0.073955
-0.071840
-0.063059
-0.050773
-0.036745
-0.016457
0.003350
0.030135
0.061005
0.093135
0.124206
0.156743
0.191217
0.224807
0.250514
0.270603
0.286350
0.302712
0.320668
0.331298
0.323519
0.289131
0.245940
0.207154
0.169017
0.131726
0.094962
0.056861
0.019280
-0.010914
-0.039690
-0.103304
-0.187031
-0.266302
-0.336908
-0.393909
-0.442506
-0.474276
-0.494297
-0.506456
-0.507721
-0.496069
-0.466420
-0.418968
-0.364924
-0.307797
-0.239187
-0.161786
-0.074520
0.005834
0.060314
0.106376
0.146260
0.197015
0.255332
0.315877
0.376758
0.436637
0.497822
0.550602
0.587049
0.601109
0.599348
0.603746
0.601331
0.591607
0.583221
0.582905
0.580312
0.534135
0.458948
0.385397
0.313247
0.243503
0.174704
0.109327
0.046868
-0.007024
-0.050158
-0.091592
-0.127287
-0.157988
-0.186288
-0.210933
-0.235897
-0.256894
-0.272722
-0.282951
-0.282038
-0.278437
-0.277458
-0.270432
-0.254515
-0.229763
-0.202628
-0.183420
-0.170327
-0.159663
-0.147224
-0.138680
-0.129551
-0.119406
-0.107217
-0.094856
-0.077621
-0.061802
-0.043549
-0.028868
-0.019055
-0.011764
-0.011448
-0.021128
-0.030784
-0.048031
-0.063789
-0.080028
-0.094316
-0.109088
-0.126884
-0.143318
-0.160614
-0.178323
-0.196799
-0.213832
-0.230537
-0.248032
-0.264661
-0.278818
-0.287791
-0.295121
-0.298621
-0.295032
-0.293977
-0.294418
-0.299710
-0.299660
-0.298906
-0.296703
-0.292049
-0.281400
-0.267697
-0.249721
-0.227732
-0.198930
-0.163674
-0.123754
-0.074484
-0.024941
0.029701
0.088610
0.154255
0.224623
0.287067
0.352683
0.425790
0.504070
0.592852
0.685587
0.780064
0.860785
0.885524
0.836505
0.767986
0.696745
0.630492
0.564032
0.504164
0.438925
0.380719
0.330738
0.262829
0.186376
0.116299
0.059193
0.012263
-0.021641
-0.041798
-0.074769
-0.107325
-0.136918
-0.158680
-0.171872
-0.181036
-0.188407
-0.185474
-0.173588
-0.163784
-0.180731
-0.219463
-0.259254
-0.292584
-0.318083
-0.336875
-0.349303
-0.357407
-0.360093
-0.354206
-0.339348
-0.312221
-0.287548
-0.253359
-0.217609
-0.206147
-0.207426
-0.203054
-0.196120
-0.180035
-0.157946
-0.136047
-0.118926
-0.126109
-0.153818
-0.182177
-0.195331
-0.205088
-0.211699
-0.207494
-0.197286
-0.180850
-0.154343
-0.125991
-0.097634
-0.068995
-0.039125
-0.012799
0.018583
0.051296
0.086415
0.111038
0.124244
0.138112
0.155768
0.134324
0.114868
0.097910
0.093703
0.099854
0.106659
0.118216
0.135739
0.152413
0.168783
0.183353
0.185875
0.180923
0.179992
0.187474
0.204726
0.232398
0.264488
0.293575
0.311585
0.334594
0.349128
0.316361
0.236867
0.164525
0.108263
0.058151
0.025028
0.001353
-0.039549
-0.086095
-0.133893
-0.171794
-0.196318
-0.205228
-0.207775
-0.199858
-0.183756
-0.157422
-0.115737
-0.060461
0.006298
0.089039
0.176212
0.262699
0.344211
0.421777
0.487375
0.524489
0.520785
0.475322
0.423062
0.378983
0.326883
0.264508
0.207651
0.154555
0.107559
0.062858
0.020442
-0.020116
-0.057488
-0.095455
-0.131993
-0.164448
-0.183462
-0.195838
-0.214139
-0.236024
-0.251070
-0.257225
-0.252622
-0.244646
-0.230267
-0.209158
-0.183968
-0.166482
-0.150461
-0.138565
-0.133668
-0.130049
-0.119902
-0.111839
-0.099830
-0.086985
-0.074843
-0.064848
-0.055961
-0.046954
-0.039903
-0.034818
-0.030632
-0.025702
-0.024799
-0.022927
-0.017176
-0.010811
-0.008088
-0.007081
-0.006118
0.001175
0.005945
0.005078
-0.002045
-0.009312
-0.014608
-0.015811
-0.018338
-0.021006
-0.017988
-0.019058
-0.017855
-0.018643
-0.022808
-0.026728
-0.028156
-0.027095
-0.016782
-0.009192
-0.004545
0.002663
0.010489
0.017569
0.023964
0.030518
0.035089
0.036019
0.036327
0.038901
0.044367
0.053449
0.061382
0.066486
0.067381
0.067546
0.064822
0.060668
0.050018
0.033331
0.017825
0.000050
-0.018804
-0.037407
-0.052290
-0.065157
-0.070539
-0.075152
-0.080701
-0.082910
-0.083652
-0.093132
-0.114876
-0.137437
-0.158156
-0.176251
-0.197216
-0.221115
-0.242500
-0.262665
-0.273974
-0.281738
-0.292647
-0.307216
-0.317128
-0.324390
-0.326948
-0.323785
-0.311620
-0.299566
-0.283535
-0.257795
-0.227512
-0.196511
-0.164623
-0.125586
-0.087482
-0.043092
0.000778
0.049911
0.100625
0.151428
0.202242
0.249262
0.291994
0.339348
0.393691
0.418864
0.405721
0.382349
0.340839
0.286801
0.224457
0.154757
0.090836
0.030522
-0.018650
-0.052449
-0.077358
-0.098280
-0.118460
-0.132009
-0.138961
-0.135083
-0.124260
-0.102860
-0.081180
-0.088036
-0.074108
-0.056158
-0.026683
-0.006496
-0.001055
-0.032868
-0.055736
-0.063143
-0.042953
-0.009351
0.027518
0.047758
0.064376
0.101226
0.154504
0.230781
0.330078
0.436404
0.546550
0.639097
0.676710
0.648549
0.601286
0.545795
0.491282
0.431723
0.375758
0.314087
0.244903
0.177039
0.116638
0.061933
0.016646
-0.019615
-0.056056
-0.082744
-0.094786
-0.093260
-0.086945
-0.072092
-0.048156
-0.011468
0.010879
0.017712
0.027964
0.041415
0.055445
0.068640
0.078862
0.061465
0.042078
0.035252
0.036116
0.042775
0.052001
0.039250
0.019576
0.002009
-0.013711
-0.040923
-0.071570
-0.096846
-0.112316
-0.122499
-0.125440
-0.125158
-0.124058
-0.127360
-0.126635
-0.130552
-0.144612
-0.156664
-0.165289
-0.169382
-0.168313
-0.163181
-0.155633
-0.142523
-0.131669
-0.127001
-0.122921
-0.116214
-0.106328
-0.094966
-0.081900
-0.076226
-0.075641
-0.073402
-0.072317
-0.068677
-0.062860
-0.061548
-0.063639
-0.064364
-0.065916
-0.067342
-0.065958
-0.063473
-0.063554
-0.062603
-0.057841
-0.051861
-0.045132
-0.039359
-0.034325
-0.029187
-0.022445
-0.016056
-0.015805
-0.017711
-0.015972
-0.010219
-0.006107
-0.003260
0.000140
0.004282
0.004788
0.005545
0.005785
0.003332
-0.000433
-0.002799
-0.004943
-0.006665
-0.003316
-0.000193
0.003297
0.009659
0.014337
0.016935
0.017297
0.016293
0.015968
0.018341
0.020372
0.023789
0.026816
0.029599
0.028211
0.027639
0.024833
0.021749
0.019221
0.014063
0.005505
-0.003782
-0.014705
-0.024047
-0.028008
-0.028889
-0.026709
-0.022218
-0.016052
-0.005452
0.002817
0.012091
0.020425
0.030088
0.035594
0.039316
0.042550
0.043011
0.041750
0.036557
0.030512
0.021777
0.017842
0.014090
0.009691
0.009549
0.007444
0.009755
0.008524
0.009252
0.008311
0.007646
0.006419
0.003972
0.003742
0.005474
0.004346
0.004719
0.003843
0.005271
0.006469
0.008048
0.015389
0.022848
0.025770
0.025917
0.026287
0.021875
0.013691
0.007011
0.000804
-0.006876
-0.016031
-0.023517
-0.029162
-0.031814
-0.032822
-0.032966
-0.032917
-0.031393
-0.031748
-0.035547
-0.035696
-0.034583
-0.029316
-0.024538
-0.023570
-0.021138
-0.022743
-0.022605
-0.019695
-0.016232
-0.013490
-0.013174
-0.010446
-0.005549
-0.000582
0.008453
0.015771
0.021193
0.024869
0.028188
0.031449
0.035510
0.041666
0.048991
0.051429
0.054117
0.054726
0.051554
0.049001
0.046050
0.045749
0.044575
0.042749
0.038634
0.033231
0.022932
0.009132
-0.004945
-0.017287
-0.030211
-0.044806
-0.055481
-0.067292
-0.075002
-0.080514
-0.084923
-0.088041
-0.089900
-0.092438
-0.091606
-0.093240
-0.090958
-0.089167
-0.086128
-0.078633
-0.068091
-0.058598
-0.045318
-0.031953
-0.017088
-0.007016
0.002105
0.013335
0.020968
0.028831
0.039877
0.049916
0.055940
0.061392
0.062536
0.060918
0.063573
0.065842
0.063930
0.060810
0.059905
0.055609
0.048189
0.039606
0.025599
0.009578
-0.002345
-0.009655
-0.016195
-0.024132
-0.031455
-0.036098
-0.038541
-0.038860
-0.038824
-0.035544
-0.030748
-0.022244
-0.013150
-0.004833
0.001900
0.006725
0.013117
0.021612
0.026406
0.031177
0.037981
0.039275
0.042663
0.045979
0.048211
0.048449
0.051266
0.055116
0.058284
0.058322
0.057957
0.052253
0.046393
0.039052
0.035976
0.033502
0.032203
0.027501
0.019493
0.010744
0.003171
-0.001447
-0.005840
-0.010355
-0.018905
-0.027481
-0.038716
-0.052212
-0.064601
-0.071634
-0.073916
-0.071475
-0.068357
-0.067604
-0.064157
-0.055536
-0.048113
-0.041959
-0.038296
-0.034261
-0.026616
-0.018614
-0.011791
-0.009535
-0.004623
0.000537
0.005355
0.010173
0.012290
0.019033
0.024301
0.031454
0.037590
0.046719
0.055956
0.064303
0.066899
0.072293
0.074104
0.074158
0.070449
0.067342
0.066855
0.067554
0.067574
0.066494
0.065960
0.062474
0.058490
0.051259
0.045175
0.038867
0.031808
0.022913
0.013749
0.005756
-0.003281
-0.012824
-0.020889
-0.025879
-0.029071
-0.031815
-0.036405
-0.044077
-0.050025
-0.052490
-0.059678
-0.067228
-0.070483
-0.072115
-0.078462
-0.084801
-0.090927
-0.098475
-0.105939
-0.114962
-0.125548
-0.134198
-0.140523
-0.145622
-0.149919
-0.152227
-0.153970
-0.156273
-0.159203
-0.162008
-0.161053
-0.157295
-0.152566
-0.145784
-0.140691
-0.136315
-0.128194
-0.116102
-0.102522
-0.086223
-0.067142
-0.049561
-0.029916
-0.004937
0.023952
0.054718
0.085884
0.119240
0.153441
0.188992
0.224124
0.250457
0.260708
0.274100
0.291264
0.311509
0.336921
0.364548
0.402054
0.433268
0.420399
0.377405
0.336916
0.290124
0.240325
0.191391
0.145276
0.104085
0.058812
0.005793
-0.051747
-0.108222
-0.157891
-0.206123
-0.254161
-0.298890
-0.341228
-0.383669
-0.420854
-0.459233
-0.495044
-0.526222
-0.549062
-0.566558
-0.575480
-0.579699
-0.580045
-0.578431
-0.572796
-0.569435
-0.562645
-0.557097
-0.544355
-0.526315
-0.507931
-0.483461
-0.453189
-0.416452
-0.374439
-0.329203
-0.282504
-0.230960
-0.173450
-0.108890
-0.039193
0.036775
0.113518
0.199588
0.285227
0.358828
0.437762
0.525445
0.618927
0.716393
0.825577
0.936094
1.041464
1.146173
1.224783
1.212031
1.185921
1.159354
1.111546
1.041682
0.959324
0.859490
0.760887
0.666605
0.570266
0.456178
0.338752
0.226091
0.131882
0.056501
-0.003756
-0.047644
-0.072499
-0.082235
-0.078741
-0.067636
-0.059633
-0.075135
-0.080418
-0.090694
-0.105870
-0.138955
-0.172677
-0.208061
-0.233502
-0.253873
-0.265903
-0.267051
-0.266468
-0.265798
-0.304089
-0.336489
-0.350087
-0.329632
-0.295116
-0.277813
-0.274940
-0.285398
-0.288255
-0.292033
-0.291185
-0.281191
-0.275397
-0.275760
-0.295722
-0.309887
-0.322482
-0.326082
-0.319573
-0.316108
-0.322669
-0.317168
-0.292228
-0.261548
-0.259435
-0.280564
-0.277546
-0.252453
-0.211028
-0.166876
-0.107857
-0.057737
-0.039399
-0.025122
0.005238
0.036064
0.058073
0.069953
0.069462
0.045477
0.006365
-0.019325
-0.038213
-0.051297
-0.072447
-0.086972
-0.087709
-0.060955
-0.010604
0.052107
0.127541
0.189789
0.225857
0.266959
0.291056
0.319135
0.351658
0.379181
0.398683
0.425335
0.437326
0.441212
0.409670
0.378839
0.372080
0.363671
0.329036
0.328749
0.330573
0.343197
0.308214
0.271156
0.246960
0.236453
0.230948
0.242494
0.258757
0.293549
0.317125
0.294664
0.254301
0.202649
0.158114
0.123511
0.102258
0.061892
0.012709
-0.033594
-0.072347
-0.101386
-0.123378
-0.140985
-0.155348
-0.179814
-0.208131
-0.233043
-0.246037
-0.248360
-0.250887
-0.259853
-0.270384
-0.283627
-0.300631
-0.323080
-0.342204
-0.363175
-0.372696
-0.372039
-0.366353
-0.360692
-0.355539
-0.352927
-0.343589
-0.352960
-0.374566
-0.394854
-0.403205
-0.404458
-0.397989
-0.390584
-0.374576
-0.361305
-0.346296
-0.330242
-0.321322
-0.303630
-0.279842
-0.246638
-0.218543
-0.187897
-0.163697
-0.139086
-0.106019
-0.074495
-0.040864
0.000232
0.040968
0.078861
0.115959
0.155267
0.199297
0.247394
0.298601
0.355930
0.413781
0.451427
0.472173
0.491670
0.485249
0.449754
0.423801
0.390250
0.309647
0.236636
0.178658
0.120571
0.070899
0.034254
0.005557
-0.006167
-0.014288
-0.011479
-0.001332
0.022781
0.054855
0.092673
0.143490
0.200509
0.270745
0.354188
0.425345
0.459006
0.461465
0.458842
0.437195
0.409698
0.378192
0.326815
0.247195
0.165722
0.099810
0.028325
-0.032323
-0.091267
-0.160368
-0.227076
-0.290702
-0.341273
-0.382863
-0.417715
-0.459059
-0.494085
-0.516661
-0.528859
-0.532743
-0.523034
-0.497522
-0.477652
-0.459714
-0.425596
-0.370756
-0.313814
-0.245537
-0.201881
-0.181469
-0.160710
-0.128074
-0.101745
-0.076284
-0.041826
-0.000525
0.046742
0.089356
0.123443
0.152720
0.166461
0.171517
0.172426
0.182730
0.201895
0.232970
0.267500
0.287957
0.303206
0.320838
0.306362
0.278453
0.263218
0.264174
0.265746
0.256407
0.250055
0.260994
0.281295
0.295068
0.280826
0.239013
0.206108
0.180937
0.166869
0.104783
0.025860
-0.042510
-0.098905
-0.138153
-0.157201
-0.165991
-0.167163
-0.155203
-0.142829
-0.110864
-0.080365
-0.047623
-0.004897
0.029765
0.011803
-0.046694
-0.103204
-0.157945
-0.201550
-0.233318
-0.256438
-0.270082
-0.269746
-0.261719
-0.251188
-0.225450
-0.178576
-0.124906
-0.066569
-0.003983
0.019956
0.043825
0.074946
0.076378
0.051751
0.023651
0.006846
0.005193
0.015117
0.018086
0.015849
0.020859
0.013000
-0.015804
-0.051880
-0.095510
-0.151665
-0.180826
-0.184324
-0.171738
-0.158582
-0.163551
-0.169019
-0.174928
-0.165450
-0.153637
-0.128136
-0.091037
-0.080778
-0.085643
-0.101547
-0.118135
-0.124081
-0.119252
-0.097369
-0.063517
-0.034189
0.001880
0.045421
0.104832
0.172495
0.243721
0.304868
0.330592
0.346876
0.370611
0.407224
0.429411
0.425987
0.412488
0.398162
0.398638
0.395838
0.394759
0.381711
0.355746
0.324025
0.291074
0.265263
0.243552
0.205246
0.148506
0.085886
0.018774
-0.040364
-0.093690
-0.159298
-0.207306
-0.240797
-0.266335
-0.287061
-0.310518
-0.329909
-0.352404
-0.357190
-0.348165
-0.321124
-0.325153
-0.335827
-0.327394
-0.312937
-0.287718
-0.255314
-0.209390
-0.155516
-0.109749
-0.093624
-0.079247
-0.070864
-0.047434
0.004057
0.056851
0.090050
0.117428
0.132267
0.139861
0.153101
0.167171
0.176907
0.161703
0.143393
0.142228
0.135499
0.124904
0.133336
0.138831
0.123176
0.087578
0.046958
0.003472
-0.055047
-0.114070
-0.159910
-0.179095
-0.189057
-0.197419
-0.198477
-0.181357
-0.142136
-0.095456
-0.048931
-0.015082
0.021907
0.039809
0.056683
0.086112
0.125480
0.167130
0.173235
0.156766
0.144221
0.147135
0.150265
0.153953
0.161879
0.173364
0.189458
0.191874
0.199907
0.231555
0.263476
0.282807
0.266239
0.257146
0.255666
0.238193
0.219034
0.205227
0.202790
0.200064
0.199244
0.201441
0.177534
0.140756
0.101105
0.057579
-0.017790
-0.109843
-0.191907
-0.269915
-0.338263
-0.404959
-0.452827
-0.493524
-0.520147
-0.541441
-0.551491
-0.551800
-0.540293
-0.523029
-0.487232
-0.442139
-0.398221
-0.353470
-0.304023
-0.247427
-0.200552
-0.145188
-0.080846
-0.016718
0.034252
0.071386
0.095356
0.105110
0.099737
0.093004
0.087330
0.082505
0.084333
0.088908
0.104342
0.111529
0.107737
0.119646
0.127722
0.109066
0.102855
0.073763
0.041497
-0.000561
-0.036588
-0.054378
-0.053707
-0.037030
-0.010746
0.029613
0.064747
0.104550
0.162457
0.225358
0.284742
0.308992
0.323823
0.344110
0.357636
0.333206
0.310255
0.300299
0.296892
0.292625
0.291790
0.268928
0.245851
0.214531
0.173541
0.109204
0.038078
-0.009886
-0.046987
-0.076351
-0.103611
-0.121226
-0.157470
-0.206343
-0.247740
-0.290113
-0.321624
-0.339677
-0.352396
-0.349620
-0.343106
-0.338992
-0.324359
-0.297573
-0.244902
-0.177767
-0.126843
-0.105498
-0.079597
-0.051190
-0.012396
0.030470
0.066268
0.078069
0.075172
0.073221
0.073708
0.078111
0.090798
0.110878
0.142178
0.181621
0.210295
0.203558
0.189747
0.176621
0.175483
0.187502
0.211571
0.248679
0.280818
0.313169
0.346968
0.386910
0.411304
0.387073
0.342757
0.293260
0.230145
0.172397
0.118153
0.076598
0.031021
-0.007557
-0.042908
-0.064094
-0.073384
-0.079055
-0.085421
-0.133820
-0.193638
-0.235868
-0.268558
-0.296303
-0.315994
-0.332295
-0.341168
-0.344819
-0.345992
-0.352205
-0.358301
-0.356369
-0.347774
-0.332758
-0.303749
-0.273436
-0.259272
-0.250838
-0.240651
-0.226042
-0.202776
-0.174817
-0.157877
-0.139888
-0.121603
-0.102024
-0.080143
-0.058813
-0.031409
0.002649
0.037061
0.034925
0.024643
0.020715
0.024948
0.030174
0.033126
0.028824
0.013117
0.007574
0.009534
0.020192
0.042621
0.073784
0.088162
0.106852
0.132831
0.166596
0.204194
0.253263
0.288326
0.314475
0.340500
0.362693
0.390662
0.372554
0.351408
0.343462
0.332096
0.306184
0.275738
0.232349
0.169311
0.100353
0.016654
-0.063736
-0.143239
-0.210531
-0.264188
-0.300072
-0.319830
-0.329513
-0.330895
-0.324108
-0.310861
-0.287090
-0.260183
-0.232192
-0.195362
-0.147820
-0.096896
-0.060077
-0.040799
-0.048952
-0.048758
-0.028020
0.003522
0.024265
0.028295
0.034086
0.041356
0.042478
0.013799
-0.019721
-0.081817
-0.147438
-0.206226
-0.257131
-0.293582
-0.313228
-0.325296
-0.327369
-0.313359
-0.299877
-0.284393
-0.259154
-0.233250
-0.212682
-0.184148
-0.146870
-0.102916
-0.057304
-0.016913
0.024641
0.044427
0.062932
0.081738
0.112991
0.147361
0.167066
0.189094
0.184412
0.172806
0.175774
0.194118
0.238126
0.284078
0.320874
0.329913
0.332668
0.341011
0.355616
0.389002
0.416200
0.460698
0.518451
0.575850
0.611881
0.662828
0.707995
0.753297
0.809154
0.841214
0.814965
0.724101
0.630165
0.527288
0.427771
0.337329
0.257225
0.179402
0.091295
0.013683
-0.054724
-0.113888
-0.166022
-0.214027
-0.254701
-0.292742
-0.328255
-0.357960
-0.379481
-0.397369
-0.402866
-0.404721
-0.400732
-0.390524
-0.380770
-0.363919
-0.343387
-0.321267
-0.296792
-0.275214
-0.267782
-0.262527
-0.252723
-0.240239
-0.232022
-0.219523
-0.207893
-0.194168
-0.174222
-0.152025
-0.130636
-0.106728
-0.082945
-0.066393
-0.048599
-0.035182
-0.019101
-0.003522
0.008980
0.018042
0.016284
0.008498
-0.000505
-0.006264
-0.008858
-0.014081
-0.016684
-0.019447
-0.025246
-0.026976
-0.029096
-0.035865
-0.043589
-0.051381
-0.053163
-0.055169
-0.056632
-0.058837
-0.053593
-0.045241
-0.037428
-0.033914
-0.030310
-0.027912
-0.026036
-0.019114
-0.014863
-0.007964
-0.001849
0.007706
0.013581
0.021114
0.025404
0.030327
0.035095
0.040199
0.046928
0.051181
0.057497
0.063025
0.068746
0.073576
0.074841
0.072665
0.067569
0.059786
0.047762
0.037601
0.029234
0.020740
0.010130
0.004275
0.000510
-0.001181
-0.004711
-0.007266
-0.008919
-0.009771
-0.007474
-0.002352
0.001182
0.001222
0.000416
-0.000676
-0.000703
0.000366
0.005332
0.010405
0.015019
0.018862
0.018313
0.016894
0.009042
-0.001350
-0.012138
-0.019570
-0.022998
-0.025518
-0.027528
-0.029032
-0.028420
-0.029606
-0.029128
-0.029586
-0.032943
-0.032938
-0.031797
-0.032232
-0.030442
-0.029701
-0.030761
-0.030937
-0.037526
-0.044232
-0.050210
-0.053355
-0.052016
-0.047216
-0.043829
-0.039017
-0.038634
-0.042723
-0.051049
-0.063516
-0.074873
-0.085700
-0.098874
-0.112850
-0.123943
-0.130957
-0.139655
-0.152977
-0.169637
-0.183466
-0.187159
-0.187544
-0.182896
-0.177470
-0.175703
-0.173164
-0.168672
-0.166434
-0.199186
-0.245389
-0.280801
-0.311788
-0.342075
-0.364268
-0.375583
-0.373388
-0.364433
-0.352644
-0.332523
-0.305595
-0.270514
-0.232824
-0.190850
-0.140088
-0.084601
-0.024612
0.040444
0.111780
0.191028
0.275875
0.368720
0.471100
0.581584
0.693665
0.806075
0.914515
0.996442
1.007941
0.967889
0.905072
0.835488
0.766025
0.672233
0.585321
0.492161
0.416278
0.358656
0.307922
0.240481
0.191075
0.168078
0.145630
0.125635
0.099298
0.060409
0.018251
-0.013200
-0.051765
-0.089045
-0.111255
-0.125941
-0.134799
-0.130204
-0.127242
-0.136753
-0.136078
-0.139511
-0.156800
-0.168996
-0.173701
-0.179933
-0.204266
-0.232581
-0.276423
-0.334891
-0.381935
-0.418909
-0.433992
-0.441898
-0.451849
-0.458613
-0.463845
-0.474636
-0.490075
-0.497608
-0.505286
-0.500705
-0.487396
-0.466349
-0.427797
-0.377896
-0.315716
-0.250025
-0.192974
-0.137682
-0.071040
-0.009992
0.044237
0.107568
0.186710
0.275505
0.357361
0.425418
0.486589
0.535553
0.579217
0.625469
0.669281
0.728543
0.773786
0.796275
0.808710
0.814281
0.790406
0.744946
0.692019
0.619949
0.533554
0.446490
0.362753
0.281451
0.205384
0.130873
0.058448
-0.006582
-0.063636
-0.110257
-0.147957
-0.182827
-0.219466
-0.255204
-0.287566
-0.315369
-0.337876
-0.356264
-0.369285
-0.374914
-0.372052
-0.361673
-0.349745
-0.336143
-0.319200
-0.301511
-0.287566
-0.269836
-0.250088
-0.234606
-0.219952
-0.203107
-0.183703
-0.164176
-0.145897
-0.126666
-0.106979
-0.087884
-0.064720
-0.044040
-0.024436
-0.011820
-0.005266
0.000579
0.002576
0.005830
0.007209
0.008557
0.007029
0.003004
-0.002770
-0.006739
-0.008710
-0.010207
-0.012621
-0.010336
-0.008075
-0.004885
-0.000918
0.000630
0.000685
0.001325
0.000774
-0.003183
-0.004581
-0.004673
-0.003855
-0.004914
-0.006676
-0.007337
-0.006743
-0.009282
-0.017893
-0.023372
-0.029622
-0.034304
-0.037836
-0.040670
-0.040920
-0.044096
-0.046652
-0.048211
-0.044132
-0.035728
-0.024818
-0.017114
-0.009244
-0.001260
0.011122
0.020723
0.028695
0.031303
0.033041
0.035638
0.039223
0.043393
0.045726
0.049148
0.047614
0.049393
0.052813
0.056820
0.061788
0.068612
0.074908
0.083453
0.090527
0.094259
0.097553
0.095346
0.089274
0.077388
0.059483
0.039633
0.020513
0.005328
-0.010181
-0.029494
-0.049163
-0.071382
-0.094197
-0.118144
-0.142059
-0.164892
-0.188417
-0.211045
-0.230583
-0.248280
-0.269725
-0.296307
-0.323113
-0.342356
-0.359658
-0.372549
-0.385308
-0.397825
-0.410046
-0.417704
-0.425136
-0.432406
-0.437090
-0.438383
-0.438519
-0.434659
-0.425934
-0.410490
-0.389872
-0.367270
-0.343665
-0.312642
-0.275677
-0.231988
-0.178144
-0.117753
-0.057208
0.004746
0.073795
0.148969
0.223908
0.297422
0.364839
0.426157
0.491117
0.556308
0.622032
0.691230
0.765010
0.841615
0.888316
0.890805
0.896377
0.912551
0.924726
0.917744
0.866754
0.820823
0.771074
0.733254
0.691081
0.646954
0.605567
0.548716
0.473890
0.411080
0.365724
0.334834
0.326585
0.325307
0.308125
0.266692
0.207626
0.121408
0.033482
-0.044993
-0.114227
-0.179675
-0.245558
-0.310623
-0.368966
-0.420975
-0.460966
-0.493485
-0.514996
-0.524376
-0.532667
-0.537868
-0.537658
-0.531104
-0.518911
-0.505365
-0.484901
-0.457084
-0.422774
-0.385230
-0.374002
-0.378953
-0.382997
-0.393625
-0.403910
-0.403364
-0.394258
-0.375120
-0.344454
-0.319591
-0.290133
-0.255314
-0.226590
-0.191360
-0.151294
-0.104578
-0.070017
-0.048265
-0.023604
0.007684
0.038704
0.070396
0.101289
0.129307
0.153120
0.179669
0.206660
0.237898
0.266022
0.252722
0.216414
0.183293
0.162291
0.138919
0.115734
0.104367
0.109683
0.114488
0.123941
0.108466
0.044909
-0.017219
-0.062455
-0.095736
-0.111691
-0.110736
-0.099149
-0.099826
-0.123505
-0.146105
-0.159100
-0.161266
-0.147726
-0.121726
-0.086987
-0.040690
-0.004553
0.022228
0.062702
0.107824
0.155530
0.186669
0.225960
0.260077
0.284558
0.301595
0.301354
0.292004
0.280155
0.251983
0.226629
0.197598
0.173110
0.126200
0.080678
0.041532
0.008627
-0.023952
-0.054325
-0.076479
-0.091230
-0.106810
-0.117392
-0.131853
-0.147766
-0.145472
-0.134324
-0.116693
-0.101573
-0.076115
-0.044816
-0.003028
0.041392
0.090236
0.148708
0.219495
0.281739
0.319876
0.344286
0.328099
0.304394
0.290408
0.296510
0.305792
0.261711
0.180683
0.089799
0.007210
-0.071220
-0.140086
-0.209484
-0.275428
-0.332377
-0.382709
-0.422752
-0.455972
-0.483150
-0.501506
-0.514620
-0.529665
-0.547692
-0.558925
-0.567423
-0.574355
-0.570855
-0.552737
-0.521668
-0.475639
-0.414638
-0.345505
-0.265396
-0.180511
-0.088778
0.014403
0.120867
0.230193
0.350448
0.472214
0.569377
0.643198
0.712019
0.783692
0.860907
0.904579
0.938795
0.976566
0.974501
0.945116
0.913390
0.840898
0.745974
0.638359
0.518388
0.400869
0.289931
0.178960
0.076778
-0.016993
-0.107503
-0.196313
-0.279865
-0.352431
-0.410373
-0.460506
-0.508986
-0.554302
-0.587754
-0.614614
-0.633908
-0.646566
-0.654756
-0.661532
-0.681688
-0.691695
-0.694917
-0.689382
-0.679621
-0.654497
-0.619807
-0.569742
-0.510285
-0.441479
-0.368592
-0.284692
-0.188990
-0.093022
0.000713
0.091340
0.172339
0.222716
0.286959
0.353698
0.405378
0.435133
0.444630
0.432094
0.407926
0.400579
0.379965
0.348468
0.314251
0.288703
0.256940
0.216635
0.190195
0.181679
0.187178
0.205522
0.229986
0.263291
0.294015
0.296274
0.283210
0.280138
0.272807
0.259216
0.254205
0.224389
0.181773
0.153159
0.131731
0.103267
0.068281
0.037175
0.015657
0.007654
-0.008778
-0.018208
-0.029958
-0.050488
-0.081634
-0.105967
-0.132417
-0.151013
-0.166081
-0.169426
-0.160137
-0.134662
-0.103261
-0.078345
-0.062037
-0.047500
-0.029650
-0.024417
-0.032758
-0.056477
-0.083849
-0.113487
-0.149066
-0.191042
-0.236088
-0.269273
-0.294629
-0.310047
-0.316088
-0.314810
-0.294584
-0.259643
-0.214612
-0.163264
-0.111494
-0.056445
-0.003116
0.057979
0.113699
0.142962
0.162180
0.175981
0.193459
0.226047
0.269076
0.326110
0.393456
0.435075
0.463356
0.501221
0.532720
0.517018
0.488317
0.425010
0.369763
0.325911
0.269255
0.206369
0.142765
0.073440
0.008381
-0.046112
-0.094657
-0.135834
-0.171722
-0.207240
-0.242903
-0.280027
-0.316915
-0.351600
-0.375843
-0.396869
-0.405931
-0.409918
-0.411097
-0.403704
-0.390075
-0.380715
-0.374642
-0.369729
-0.367845
-0.365491
-0.371296
-0.365156
-0.353413
-0.334390
-0.315517
-0.302936
-0.291092
-0.279235
-0.260935
-0.235597
-0.209932
-0.173640
-0.125805
-0.077942
-0.033091
0.003461
0.031605
0.069555
0.106439
0.128443
0.132274
0.116527
0.098835
0.083508
0.081899
0.083616
0.089174
0.103231
0.126988
0.167181
0.220591
0.288318
0.359707
0.413605
0.447215
0.471488
0.486233
0.484200
0.471647
0.448439
0.416959
0.362897
0.318093
0.289228
0.275413
0.268615
0.276058
0.297283
0.306308
0.329837
0.341591
0.331418
0.307376
0.284431
0.244064
0.199858
0.168232
0.149659
0.128340
0.101080
0.073613
0.031001
-0.013465
-0.052889
-0.080317
-0.099865
-0.115636
-0.130034
-0.153122
-0.174321
-0.194565
-0.208689
-0.225914
-0.247196
-0.270627
-0.288991
-0.299720
-0.307549
-0.310051
-0.307651
-0.299423
-0.284344
-0.272576
-0.266057
-0.260623
-0.251227
-0.237892
-0.227888
-0.216212
-0.202959
-0.186641
-0.172958
-0.159607
-0.147587
-0.128463
-0.110147
-0.086180
-0.064596
-0.045398
-0.018302
0.007939
0.030800
0.048440
0.061822
0.066532
0.069332
0.073237
0.078537
0.092497
0.110381
0.122982
0.125594
0.126366
0.128387
0.125919
0.117205
0.103446
0.088451
0.082039
0.073892
0.057969
0.040692
0.024898
0.009272
-0.021506
-0.055063
-0.080756
-0.097472
-0.107649
-0.119210
-0.127782
-0.136071
-0.148319
-0.169386
-0.193889
-0.211361
-0.213006
-0.207461
-0.196817
-0.202933
-0.220007
-0.235055
-0.249108
-0.261604
-0.274721
-0.281621
-0.279361
-0.267251
-0.247264
-0.225111
-0.196626
-0.158803
-0.117858
-0.072159
-0.020458
0.031027
0.085745
0.146991
0.215374
0.287227
0.352772
0.371719
0.373660
0.370158
0.362861
0.354128
0.330246
0.316045
0.290532
0.255067
0.216394
0.178386
0.145119
0.115628
0.080023
0.046880
0.017063
-0.002434
-0.020029
-0.036239
-0.032024
-0.002302
0.026346
0.051118
0.068714
0.073204
0.077022
0.088538
0.105959
0.129655
0.156378
0.158961
0.142511
0.127523
0.094636
0.053112
0.016783
-0.005547
-0.016733
-0.024709
-0.021464
-0.004696
0.019772
0.048242
0.052521
0.028462
0.010472
0.000890
-0.006738
-0.019059
-0.036990
-0.044511
-0.037102
-0.018025
0.015475
0.055521
0.102519
0.148447
0.155786
0.132850
0.116384
0.091214
0.056897
0.031913
0.009114
-0.013957
-0.030331
-0.056086
-0.096676
-0.139713
-0.175004
-0.197077
-0.219152
-0.227526
-0.239573
-0.249097
-0.255472
-0.252813
-0.255664
-0.265015
-0.280450
-0.293772
-0.293935
-0.288477
-0.283191
-0.269686
-0.241599
-0.205675
-0.175747
-0.153696
-0.134554
-0.117318
-0.094691
-0.080068
-0.079945
-0.069051
-0.047788
-0.018291
0.003077
0.006873
-0.005268
-0.028113
-0.036061
-0.034530
-0.017245
0.001392
0.022563
0.015245
0.019566
0.027802
0.029784
0.030232
0.035135
0.043405
0.057521
0.077403
0.112767
0.134179
0.142414
0.147975
0.139502
0.121719
0.124234
0.134823
0.137480
0.141919
0.159410
0.187752
0.216979
0.251772
0.296496
0.333863
0.350672
0.350262
0.314103
0.283211
0.260231
0.226177
0.199149
0.188331
0.179109
0.167810
0.151655
0.133553
0.127945
0.127848
0.143110
0.161379
0.150447
0.132536
0.095946
0.063249
0.051061
0.053495
0.060687
0.051215
0.037367
-0.006569
-0.056661
-0.121174
-0.176686
-0.220894
-0.257123
-0.281557
-0.289089
-0.284232
-0.273850
-0.266219
-0.283670
-0.295484
-0.302759
-0.331372
-0.353507
-0.361286
-0.349699
-0.332025
-0.310162
-0.281091
-0.249250
-0.215116
-0.177211
-0.135229
-0.085847
-0.062558
-0.050515
-0.030522
-0.018558
-0.014586
-0.003195
0.018513
0.029262
0.038502
0.056272
0.060330
0.056920
0.058867
0.049816
0.046121
0.048404
0.048906
0.056534
0.080164
0.110026
0.132018
0.161204
0.204310
0.244912
0.292415
0.320804
0.322094
0.307513
0.314014
0.334125
0.334984
0.350581
0.358033
0.352319
0.323447
0.310212
0.278239
0.232343
0.199019
0.168307
0.134481
0.109901
0.107558
0.115476
0.126826
0.139624
0.153422
0.188393
0.251643
0.277187
0.249035
0.239397
0.192839
0.147100
0.107859
0.075035
0.033832
-0.004866
-0.068453
-0.137828
-0.205745
-0.271135
-0.330157
-0.381037
-0.429547
-0.473438
-0.508947
-0.542075
-0.561102
-0.576713
-0.592403
-0.604423
-0.600524
-0.590866
-0.567933
-0.537973
-0.502493
-0.462300
-0.428103
-0.398139
-0.361677
-0.321723
-0.276060
-0.229246
-0.170395
-0.106881
-0.035774
0.023159
0.055764
0.086737
0.112947
0.134066
0.170634
0.198929
0.200002
0.206587
0.230738
0.269267
0.307513
0.334816
0.358953
0.377842
0.395597
0.435376
0.491801
0.540210
0.555065
0.567558
0.568989
0.534820
0.494893
0.449760
0.423831
0.408897
0.370166
0.334925
0.287593
0.231002
0.181921
0.119591
0.046713
-0.029660
-0.099067
-0.159004
-0.206275
-0.252933
-0.292926
-0.334705
-0.367857
-0.399244
-0.416626
-0.429373
-0.437298
-0.438236
-0.446803
-0.445227
-0.438215
-0.425424
-0.398371
-0.371086
-0.339318
-0.308657
-0.274669
-0.239204
-0.201164
-0.161178
-0.124237
-0.090795
-0.057582
-0.024176
0.010744
0.056638
0.100229
0.136974
0.163941
0.165530
0.151899
0.129069
0.098730
0.080222
0.062867
0.052791
0.049619
0.050063
0.061618
0.080336
0.106154
0.138529
0.169806
0.204373
0.236304
0.275607
0.326027
0.391639
0.462071
0.486809
0.472678
0.439470
0.389918
0.344057
0.301772
0.259322
0.213442
0.169672
0.128597
0.089842
0.057792
0.030298
0.003291
-0.022007
-0.044925
-0.062250
-0.074561
-0.083914
-0.092491
-0.098915
-0.107798
-0.116360
-0.119893
-0.120735
-0.119963
-0.117611
-0.117448
-0.119053
-0.125985
-0.135732
-0.147501
-0.159967
-0.172083
-0.184911
-0.190638
-0.194198
-0.194494
-0.194909
-0.194623
-0.187975
-0.174130
-0.156561
-0.137685
-0.119342
-0.102566
-0.084344
-0.064868
-0.047144
-0.036750
-0.030912
-0.027197
-0.026356
-0.027892
-0.028184
-0.025476
-0.022372
-0.020053
-0.020539
-0.018200
-0.015734
-0.012478
-0.012753
-0.011060
-0.011594
-0.014961
-0.016520
-0.020226
-0.025221
-0.029971
-0.036797
-0.046711
-0.056889
-0.063909
-0.070457
-0.075975
-0.080879
-0.083600
-0.083457
-0.081618
-0.079636
-0.076276
-0.065182
-0.053933
-0.044942
-0.032958
-0.025133
-0.014763
-0.004531
0.009424
0.020806
0.032495
0.045727
0.056016
0.064594
0.070983
0.082098
0.083699
0.067430
0.033053
-0.008619
-0.050154
-0.086830
-0.114953
-0.141527
-0.160688
-0.177438
-0.188823
-0.194390
-0.193195
-0.192435
-0.199699
-0.209502
-0.210655
-0.211942
-0.227237
-0.235936
-0.239409
-0.237906
-0.228515
-0.215817
-0.194637
-0.167880
-0.144554
-0.117879
-0.083566
-0.044110
0.006399
0.066439
0.134127
0.200087
0.264111
0.327463
0.379990
0.424103
0.471365
0.518514
0.558191
0.601043
0.635443
0.632578
0.572126
0.491752
0.409827
0.325026
0.244572
0.161260
0.079807
0.000517
-0.094854
-0.180191
-0.248241
-0.314731
-0.358817
-0.383263
-0.400695
-0.412540
-0.415072
-0.414458
-0.412771
-0.396162
-0.362773
-0.311368
-0.244158
-0.180236
-0.119558
-0.042262
0.044751
0.135604
0.219659
0.308325
0.400069
0.479645
0.554482
0.621763
0.650303
0.633472
0.620984
0.609138
0.590449
0.554414
0.504790
0.448149
0.396952
0.353250
0.308408
0.261362
0.204340
0.138135
0.081502
0.032009
-0.007809
-0.038605
-0.063726
-0.078660
-0.087445
-0.092880
-0.093177
-0.084430
-0.067006
-0.036395
-0.004712
-0.016291
-0.047118
-0.075968
-0.102457
-0.122662
-0.139296
-0.157204
-0.173184
-0.186016
-0.197791
-0.208735
-0.218948
-0.225764
-0.226919
-0.228791
-0.224927
-0.220506
-0.210257
-0.195197
-0.179125
-0.161146
-0.147967
-0.133391
-0.127892
-0.121468
-0.112725
-0.103324
-0.089375
-0.075205
-0.062682
-0.047715
-0.035379
-0.025685
-0.019486
-0.012889
-0.008470
-0.007346
-0.006269
-0.010498
-0.012509
-0.013131
-0.009291
-0.008993
-0.013588
-0.018547
-0.023540
-0.028513
-0.035547
-0.042742
-0.054635
-0.062336
-0.067510
-0.071567
-0.074881
-0.077822
-0.078937
-0.073475
-0.069898
-0.067204
-0.068810
-0.072601
-0.076522
-0.077718
-0.079320
-0.078565
-0.074101
-0.066428
-0.055329
-0.042960
-0.033265
-0.021663
-0.010623
0.000997
0.009882
0.019437
0.027104
0.040213
0.052866
0.065134
0.084241
0.101991
0.119893
0.134734
0.151179
0.166743
0.180075
0.188987
0.198197
0.205718
0.182788
0.149394
0.119818
0.096544
0.079707
0.063280
0.045955
0.029990
0.015108
0.003179
-0.006211
-0.012721
-0.019680
-0.024788
-0.030388
-0.035832
-0.040841
-0.044735
-0.049671
-0.056362
-0.060352
-0.063070
-0.063920
-0.065155
-0.067613
-0.068300
-0.071027
-0.068921
-0.067150
-0.067414
-0.068449
-0.070527
-0.075198
-0.076069
-0.075749
-0.077898
-0.074660
-0.066553
-0.058071
-0.051323
-0.039330
-0.025881
-0.010771
0.004018
0.017129
0.026788
0.036862
0.044203
0.050391
0.054386
0.057805
0.062037
0.069489
0.078471
0.086230
0.091609
0.098099
0.098970
0.100143
0.101717
0.101438
0.094446
0.086340
0.075747
0.064679
0.057182
0.047566
0.033224
0.017340
0.002193
-0.013145
-0.025365
-0.036343
-0.044571
-0.049804
-0.060249
-0.072504
-0.082790
-0.099136
-0.121315
-0.143100
-0.168688
-0.195159
-0.222841
-0.245935
-0.266622
-0.284558
-0.298521
-0.307695
-0.316029
-0.323452
-0.330105
-0.333579
-0.339723
-0.344536
-0.346361
-0.342331
-0.335185
-0.325673
-0.310196
-0.290373
-0.270127
-0.249047
-0.222055
-0.192012
-0.157660
-0.116466
-0.076157
-0.034188
0.009376
0.055700
0.103794
0.150030
0.197446
0.248650
0.302199
0.362673
0.425236
0.489293
0.553800
0.603890
0.648511
0.693129
0.748932
0.810908
0.864004
0.900124
0.911871
0.873144
0.802845
0.723659
0.635428
0.547481
0.453668
0.357640
0.265337
0.171287
0.086137
0.013424
-0.045255
-0.094087
-0.140127
-0.185018
-0.218383
-0.248930
-0.274068
-0.293476
-0.310474
-0.319502
-0.329117
-0.347669
-0.365565
-0.379834
-0.394409
-0.407745
-0.416479
-0.422075
-0.423147
-0.422250
-0.417853
-0.409118
-0.403405
-0.398767
-0.399221
-0.400691
-0.394641
-0.385299
-0.365623
-0.342277
-0.328888
-0.316629
-0.298922
-0.273714
-0.244169
-0.213951
-0.182970
-0.149573
-0.110835
-0.067556
-0.017163
0.040100
0.104471
0.172258
0.243414
0.317072
0.384216
0.437440
0.489494
0.527772
0.541743
0.536134
0.508557
0.472981
0.439535
0.410896
0.355521
0.282202
0.198234
0.110619
0.032559
-0.040219
-0.113314
-0.183922
-0.253418
-0.312814
-0.354974
-0.374566
-0.380952
-0.386778
-0.391215
-0.380762
-0.380676
-0.370731
-0.353280
-0.324133
-0.284607
-0.234967
-0.177130
-0.109359
-0.052266
-0.004535
0.038149
0.086016
0.142794
0.213479
0.267282
0.317325
0.348267
0.352429
0.349391
0.343822
0.348534
0.370730
0.385158
0.417674
0.459279
0.505306
0.545841
0.582304
0.584190
0.555903
0.517228
0.462338
0.410002
0.359307
0.305690
0.244090
0.185351
0.138600
0.108580
0.080241
0.058524
0.042819
0.026390
0.015886
0.013466
0.019222
0.021387
-0.023366
-0.077785
-0.131695
-0.178227
-0.220148
-0.254023
-0.288086
-0.320559
-0.350304
-0.383839
-0.421669
-0.453781
-0.479196
-0.499854
-0.511862
-0.519879
-0.525162
-0.524588
-0.520766
-0.514027
-0.497198
-0.470386
-0.441305
-0.411164
-0.382157
-0.345871
-0.303040
-0.259879
-0.225438
-0.185639
-0.163715
-0.157992
-0.150006
-0.135677
-0.122977
-0.108902
-0.092093
-0.069301
-0.037797
-0.005061
0.032070
0.069243
0.101738
0.129888
0.158565
0.188222
0.198886
0.223979
0.258644
0.304769
0.350353
0.397914
0.430927
0.444171
0.458864
0.475628
0.489457
0.500961
0.519151
0.512784
0.473040
0.437438
0.398207
0.360810
0.327984
0.293379
0.253110
0.191049
0.122309
0.064068
0.015068
-0.030272
-0.069036
-0.101074
-0.128078
-0.149333
-0.178201
-0.203770
-0.220882
-0.227935
-0.233370
-0.223479
-0.215437
-0.203103
-0.184742
-0.171166
-0.148519
-0.121798
-0.092225
-0.061056
-0.052660
-0.057864
-0.061328
-0.094856
-0.150051
-0.195260
-0.229645
-0.259452
-0.288350
-0.324554
-0.350846
-0.368636
-0.377121
-0.372635
-0.364491
-0.354003
-0.335071
-0.310349
-0.287529
-0.254898
-0.204190
-0.140266
-0.071303
-0.012663
0.042307
0.096346
0.147998
0.185489
0.209034
0.237857
0.267392
0.303470
0.345457
0.389698
0.439700
0.493419
0.537804
0.561016
0.593121
0.602019
0.590727
0.581069
0.534024
0.463024
0.405741
0.352762
0.299538
0.244389
0.190622
0.132132
0.083141
0.040029
0.006428
-0.016603
-0.037063
-0.047140
-0.054397
-0.064763
-0.066619
-0.066012
-0.095770
-0.131573
-0.154238
-0.170676
-0.185386
-0.201572
-0.218793
-0.234462
-0.244523
-0.246041
-0.241452
-0.228953
-0.212213
-0.193927
-0.168974
-0.139405
-0.110314
-0.089352
-0.078566
-0.080309
-0.081845
-0.088705
-0.095055
-0.100020
-0.105397
-0.103170
-0.100861
-0.092013
-0.088277
-0.083158
-0.082713
-0.086171
-0.086785
-0.083691
-0.085588
-0.099847
-0.128552
-0.155305
-0.185854
-0.225124
-0.265905
-0.300392
-0.326636
-0.353381
-0.376172
-0.389927
-0.396127
-0.389596
-0.377508
-0.362607
-0.350802
-0.333816
-0.312591
-0.297433
-0.287758
-0.268260
-0.238445
-0.203962
-0.160044
-0.108649
-0.048224
0.019624
0.092672
0.172218
0.261044
0.359091
0.461186
0.561755
0.666413
0.774257
0.879998
0.943172
0.948123
0.896108
0.840946
0.790591
0.744914
0.706773
0.670060
0.632043
0.590163
0.532595
0.470793
0.408215
0.337664
0.265282
0.201610
0.147160
0.095623
0.046889
-0.004629
-0.052864
-0.091560
-0.123350
-0.150931
-0.171430
-0.185858
-0.198392
-0.208406
-0.223312
-0.238907
-0.257091
-0.277348
-0.294129
-0.303206
-0.313804
-0.324839
-0.331579
-0.334621
-0.329979
-0.322949
-0.312775
-0.300249
-0.282976
-0.261999
-0.236074
-0.210324
-0.183875
-0.157310
-0.126131
-0.095661
-0.071330
-0.053631
-0.038638
-0.023840
-0.007218
0.017926
0.038351
0.053903
0.069122
0.078949
0.084538
0.081790
0.073697
0.064510
0.053367
0.043381
0.032154
0.023306
0.014653
0.004501
-0.007703
-0.018153
-0.027186
-0.035229
-0.042246
-0.049786
-0.058054
-0.065114
-0.069104
-0.072532
-0.081100
-0.089723
-0.099602
-0.109680
-0.120346
-0.130162
-0.137709
-0.142068
-0.145854
-0.148081
-0.147320
-0.149509
-0.149499
-0.145927
-0.143466
-0.142610
-0.144066
-0.147834
-0.153468
-0.157325
-0.156694
-0.153582
-0.146099
-0.136851
-0.125695
-0.117252
-0.110847
-0.104672
-0.096970
-0.085916
-0.076520
-0.070069
-0.062727
-0.057117
-0.051211
-0.037326
-0.016044
0.009336
0.042819
0.074791
0.102144
0.136251
0.175663
0.218724
0.263680
0.309359
0.352567
0.392127
0.426170
0.445255
0.436375
0.406244
0.369006
0.324803
0.278382
0.225934
0.169743
0.117637
0.073351
0.035002
0.002448
-0.027793
-0.052381
-0.080141
-0.108944
-0.133405
-0.150068
-0.165375
-0.166678
-0.156698
-0.130654
-0.094197
-0.056755
-0.012314
0.043133
0.095430
0.149584
0.207506
0.261837
0.312371
0.307820
0.256804
0.208519
0.159018
0.113306
0.070613
0.035626
0.010152
-0.017776
-0.046166
-0.074174
-0.107967
-0.140043
-0.172242
-0.198659
-0.219567
-0.238198
-0.253116
-0.261559
-0.269941
-0.271245
-0.265604
-0.255081
-0.237014
-0.232356
-0.237135
-0.239534
-0.238795
-0.237353
-0.240014
-0.244653
-0.254999
-0.260253
-0.259099
-0.263385
-0.266335
-0.267230
-0.269831
-0.279385
-0.278708
-0.275945
-0.261690
-0.238088
-0.207956
-0.173613
-0.143265
-0.111479
-0.079329
-0.041475
0.009176
0.062420
0.119727
0.189595
0.271973
0.345218
0.385244
0.431469
0.483306
0.534615
0.547603
0.534319
0.505074
0.458277
0.410855
0.383459
0.346071
0.298581
0.260314
0.235238
0.184882
0.147196
0.120522
0.100301
0.096117
0.088216
0.088069
0.096450
0.081463
0.072922
0.047465
0.013851
0.001316
0.008265
0.032188
0.050246
0.058678
0.076933
0.090867
0.070825
0.056331
0.047743
0.059005
0.078893
0.109353
0.140996
0.152822
0.118165
0.047259
-0.023426
-0.081903
-0.131882
-0.170079
-0.192410
-0.202001
-0.206711
-0.214694
-0.223078
-0.225893
-0.225120
-0.245876
-0.276764
-0.298248
-0.307986
-0.299151
-0.274066
-0.236597
-0.183034
-0.151265
-0.125094
-0.116032
-0.109223
-0.108315
-0.094454
-0.064950
-0.017026
0.040891
0.100001
0.143462
0.178476
0.205870
0.234762
0.267056
0.287715
0.300569
0.315380
0.340496
0.339930
0.328586
0.330875
0.318144
0.294896
0.262872
0.239586
0.199409
0.154879
0.139155
0.104573
0.063780
0.020063
-0.028210
-0.090379
-0.152672
-0.198723
-0.229825
-0.250129
-0.276196
-0.287463
-0.278994
-0.275115
-0.269143
-0.253121
-0.245876
-0.238348
-0.222927
-0.190776
-0.150857
-0.115017
-0.079482
-0.039600
-0.000046
0.040471
0.078096
0.114506
0.167147
0.192031
0.199406
0.186809
0.157142
0.139685
0.121309
0.087865
0.027664
-0.039827
-0.111534
-0.168842
-0.225634
-0.277636
-0.316138
-0.351425
-0.378930
-0.401335
-0.409865
-0.414054
-0.403015
-0.371866
-0.339071
-0.305260
-0.280581
-0.247096
-0.203938
-0.150687
-0.091805
-0.025289
0.028632
0.079843
0.124692
0.164249
0.192088
0.206800
0.211596
0.229050
0.233727
0.253129
0.286502
0.333727
0.357467
0.359786
0.373343
0.385023
0.362545
0.341884
0.338139
0.340734
0.306926
0.242439
0.203683
0.176542
0.138008
0.093666
0.051449
0.011725
-0.024502
-0.067532
-0.098133
-0.114348
-0.144816
-0.173560
-0.182747
-0.175266
-0.171954
-0.175812
-0.157980
-0.140441
-0.115740
-0.082986
-0.023517
0.059541
0.122462
0.174420
0.200993
0.228335
0.219041
0.213014
0.222162
0.262832
0.311861
0.363714
0.421811
0.463628
0.419963
0.376826
0.306069
0.197767
0.062136
-0.065467
-0.224015
-0.386457
-0.510973
-0.581923
-0.650697
-0.691105
-0.682698
-0.626864
-0.496970
-0.285503
-0.126624
-0.027985
0.139538
0.233553
0.248135
0.362107
0.352579
0.277095
0.526914
0.601104
0.069221
-0.310106
-0.019879
-1.000000
-1.000000
-1.000000
-1.000000
