-1.000000
-1.000000
-1.000000
-1.000000
0.026170
0.029229
0.028791
0.027536
0.023373
0.020998
0.015952
0.012642
0.007088
0.006140
0.005748
0.010311
0.012189
0.011406
0.010177
0.010585
0.009299
0.010383
0.007388
0.003654
-0.001515
-0.009302
-0.019364
-0.026397
-0.034045
-0.038402
-0.034142
-0.031058
-0.029245
-0.029324
-0.029391
-0.027030
-0.028294
-0.030958
-0.032914
-0.033493
-0.031476
-0.030709
-0.027234
-0.029455
-0.028800
-0.028711
-0.024139
-0.021380
-0.021424
-0.020479
-0.019054
-0.015472
-0.012024
-0.012492
-0.013645
-0.016065
-0.017082
-0.016144
-0.014050
-0.011114
-0.009283
-0.004402
-0.000270
0.002509
0.004703
0.005901
0.008112
0.010627
0.015744
0.020698
0.021999
0.022698
0.024097
0.024315
0.024365
0.026593
0.025452
0.022919
0.019760
0.017057
0.010083
0.005385
0.000781
-0.008889
-0.015792
-0.018645
-0.017744
-0.013276
-0.011764
-0.008850
-0.005627
0.000005
0.002760
0.007254
0.013918
0.023564
0.032402
0.036390
0.038806
0.041558
0.046661
0.050795
0.059249
0.070636
0.074333
0.076303
0.077998
0.078678
0.081121
0.080411
0.078537
0.075293
0.068098
0.058034
0.047574
0.035434
0.021580
0.010172
0.001565
-0.005154
-0.009121
-0.012935
-0.015946
-0.019781
-0.026072
-0.030590
-0.035279
-0.035549
-0.035135
-0.035213
-0.038230
-0.036848
-0.034646
-0.036387
-0.035934
-0.034391
-0.030584
-0.030242
-0.028959
-0.027239
-0.022086
-0.018835
-0.014815
-0.007340
-0.001246
0.002793
0.003562
0.003125
0.001165
-0.002899
-0.007383
-0.010480
-0.011661
-0.011873
-0.013648
-0.017380
-0.022765
-0.029149
-0.035771
-0.041437
-0.043338
-0.044157
-0.044646
-0.044643
-0.042458
-0.038356
-0.035845
-0.032805
-0.028070
-0.024762
-0.020504
-0.018076
-0.013771
-0.012779
-0.012560
-0.008660
-0.003558
-0.001302
-0.000313
0.002445
0.008446
0.017295
0.022170
0.026034
0.030368
0.034444
0.039959
0.044361
0.046867
0.049107
0.052771
0.057775
0.061204
0.061477
0.060399
0.055475
0.051386
0.047086
0.041269
0.035793
0.028264
0.020411
0.012525
0.006638
0.004331
0.003690
-0.000063
-0.007115
-0.014464
-0.019766
-0.024487
-0.027534
-0.028926
-0.028788
-0.027565
-0.026738
-0.021102
-0.013064
-0.004900
0.005406
0.010114
0.012150
0.015542
0.015120
0.011507
0.009608
0.010357
0.010422
0.009355
0.006506
0.004057
-0.001318
-0.006790
-0.012498
-0.021261
-0.028271
-0.030687
-0.032107
-0.034287
-0.035217
-0.034449
-0.031690
-0.027526
-0.019848
-0.014152
-0.011516
-0.008376
-0.007207
-0.007024
-0.008789
-0.008095
-0.003764
0.003119
0.008982
0.014132
0.013994
0.013075
0.011211
0.010983
0.006035
-0.002181
-0.008034
-0.009126
-0.011009
-0.012889
-0.011246
-0.007090
0.000515
0.011171
0.027161
0.035188
0.040531
0.044056
0.042147
0.040315
0.040273
0.044113
0.048335
0.053465
0.057681
0.060305
0.059752
0.058862
0.056876
0.051647
0.046224
0.037965
0.026693
0.014812
0.003088
-0.009199
-0.019887
-0.026355
-0.028302
-0.030788
-0.034775
-0.036027
-0.037121
-0.038883
-0.039116
-0.037659
-0.034056
-0.035332
-0.036470
-0.034328
-0.029017
-0.021947
-0.017598
-0.017488
-0.022777
-0.030361
-0.035340
-0.035136
-0.036775
-0.040383
-0.044592
-0.044898
-0.042457
-0.037045
-0.034424
-0.032160
-0.032140
-0.032189
-0.033516
-0.035378
-0.037302
-0.038501
-0.037788
-0.036868
-0.034920
-0.029708
-0.024107
-0.014192
-0.004160
0.003439
0.009006
0.012094
0.015334
0.017830
0.021172
0.022116
0.021427
0.019936
0.016889
0.018312
0.022567
0.027414
0.037412
0.046459
0.054633
0.060552
0.065460
0.069255
0.075020
0.079752
0.080943
0.082108
0.078692
0.072943
0.064949
0.058901
0.055782
0.054943
0.049728
0.041710
0.033545
0.024211
0.016245
0.004892
-0.005626
-0.018333
-0.033599
-0.045951
-0.054912
-0.063890
-0.069929
-0.076174
-0.079020
-0.079620
-0.080126
-0.079077
-0.073921
-0.067576
-0.060127
-0.053393
-0.048833
-0.046939
-0.047146
-0.045599
-0.039425
-0.031965
-0.026443
-0.018976
-0.009968
-0.001818
0.006205
0.014584
0.023355
0.028782
0.032282
0.036082
0.034852
0.031852
0.030195
0.025473
0.023190
0.021019
0.017325
0.014194
0.014651
0.021368
0.025334
0.030114
0.033079
0.034987
0.031573
0.025900
0.016432
0.009518
0.005195
0.000466
-0.008719
-0.015086
-0.021363
-0.024445
-0.026482
-0.027457
-0.020152
-0.010289
-0.001364
0.006071
0.014133
0.022425
0.025707
0.029006
0.026166
0.025420
0.021260
0.019906
0.019930
0.018878
0.017108
0.016420
0.013007
0.008525
0.005653
0.002557
0.001528
-0.001466
-0.002203
-0.003979
-0.001385
0.004871
0.009305
0.007682
0.007945
0.011765
0.017172
0.023645
0.029570
0.033246
0.033956
0.034484
0.032517
0.026886
0.020236
0.015269
0.008653
0.002377
0.000292
-0.000418
-0.004104
-0.010197
-0.015218
-0.018610
-0.022099
-0.025358
-0.029696
-0.034856
-0.038871
-0.043032
-0.041529
-0.041109
-0.041702
-0.040454
-0.035773
-0.031269
-0.029020
-0.028627
-0.031173
-0.034743
-0.037337
-0.043183
-0.045863
-0.044106
-0.041419
-0.038538
-0.036199
-0.033555
-0.030573
-0.028775
-0.024930
-0.021295
-0.019091
-0.012512
-0.004961
0.000636
0.004871
0.012063
0.019305
0.021046
0.020477
0.021251
0.020592
0.017781
0.016467
0.015939
0.016363
0.016851
0.018217
0.019977
0.023050
0.029187
0.035525
0.042373
0.048275
0.052020
0.054192
0.054216
0.058130
0.065457
0.070949
0.076001
0.080766
0.083211
0.086457
0.083373
0.078035
0.070014
0.061535
0.052771
0.046498
0.038019
0.029123
0.020857
0.012210
0.005259
-0.002437
-0.008908
-0.017200
-0.024916
-0.030509
-0.034628
-0.035951
-0.036692
-0.036785
-0.035885
-0.035045
-0.036641
-0.038793
-0.041920
-0.041031
-0.040965
-0.042272
-0.046015
-0.047155
-0.048514
-0.050302
-0.051860
-0.052221
-0.048483
-0.044211
-0.037662
-0.031455
-0.026939
-0.022725
-0.019325
-0.020312
-0.019724
-0.014189
-0.010157
-0.007573
-0.006669
-0.005859
-0.004168
-0.004390
-0.006819
-0.010202
-0.012646
-0.011405
-0.007494
-0.005192
-0.007892
-0.011267
-0.011079
-0.008999
-0.005691
-0.003483
-0.003214
-0.005310
-0.011854
-0.018145
-0.021877
-0.028645
-0.032574
-0.037574
-0.040774
-0.042788
-0.040693
-0.035096
-0.028793
-0.025032
-0.027200
-0.026310
-0.027541
-0.027888
-0.027119
-0.025301
-0.019795
-0.018583
-0.016319
-0.007926
-0.000288
0.008433
0.019943
0.032208
0.044978
0.054886
0.063171
0.068693
0.069128
0.069100
0.071375
0.074869
0.076299
0.080154
0.078612
0.075561
0.071582
0.065489
0.063324
0.059132
0.054257
0.050955
0.049693
0.047401
0.045109
0.042256
0.042031
0.040226
0.035146
0.029413
0.022400
0.015038
0.007486
0.003592
-0.001964
-0.008342
-0.013274
-0.019077
-0.025005
-0.030068
-0.035604
-0.039656
-0.045720
-0.050146
-0.054710
-0.055831
-0.055059
-0.052775
-0.047881
-0.039840
-0.036194
-0.034858
-0.033912
-0.036661
-0.040484
-0.044453
-0.043955
-0.041206
-0.036924
-0.032731
-0.033121
-0.034994
-0.037217
-0.037965
-0.036975
-0.031591
-0.031551
-0.029871
-0.029414
-0.030010
-0.031574
-0.026327
-0.023224
-0.018661
-0.016326
-0.014737
-0.011483
-0.012150
-0.013090
-0.014862
-0.014676
-0.013340
-0.010660
-0.005721
0.001147
0.010304
0.015653
0.023010
0.030743
0.036480
0.045176
0.052164
0.056728
0.059363
0.062722
0.069101
0.071910
0.078596
0.087234
0.093334
0.097243
0.096982
0.097408
0.096459
0.090991
0.084960
0.081637
0.077034
0.076624
0.073453
0.066090
0.054390
0.041994
0.028771
0.016240
0.004350
-0.007198
-0.018458
-0.028963
-0.037709
-0.046724
-0.056342
-0.065133
-0.072425
-0.080115
-0.088974
-0.094451
-0.097403
-0.098447
-0.098039
-0.096714
-0.096098
-0.091133
-0.084145
-0.075093
-0.071685
-0.065478
-0.059112
-0.055335
-0.049878
-0.043538
-0.033445
-0.021970
-0.010736
0.000210
0.009442
0.014318
0.021676
0.029349
0.036249
0.040905
0.044989
0.051323
0.060397
0.065025
0.067920
0.067453
0.066048
0.062710
0.056004
0.048780
0.042018
0.034781
0.028996
0.023727
0.020041
0.015983
0.013012
0.009824
0.009526
0.005544
0.000409
-0.002024
-0.005082
-0.005980
-0.005067
-0.003855
-0.006133
-0.009489
-0.013005
-0.016199
-0.016243
-0.013972
-0.009225
-0.006986
-0.007494
-0.008238
-0.010966
-0.014987
-0.013857
-0.012118
-0.010414
-0.008175
-0.005825
-0.007822
-0.010884
-0.014282
-0.017720
-0.020769
-0.022414
-0.020555
-0.020791
-0.017225
-0.012183
-0.009111
-0.006678
-0.005560
-0.002978
-0.001545
-0.000682
-0.002048
-0.002125
-0.004814
-0.005808
-0.009202
-0.015235
-0.017657
-0.019934
-0.022826
-0.026353
-0.028546
-0.029313
-0.028216
-0.022313
-0.015839
-0.009959
-0.006259
-0.004356
-0.001625
-0.000160
0.003785
0.007458
0.009393
0.011970
0.010263
0.009630
0.013370
0.017934
0.023828
0.030643
0.037426
0.043193
0.048331
0.053149
0.053807
0.053206
0.051421
0.049742
0.044944
0.041920
0.038169
0.032503
0.029636
0.026221
0.023001
0.024129
0.029919
0.036363
0.038384
0.037115
0.034659
0.027556
0.021711
0.016888
0.013356
0.006225
0.000027
-0.005007
-0.008147
-0.007350
-0.008283
-0.011777
-0.016164
-0.018145
-0.020518
-0.023276
-0.026107
-0.030276
-0.035948
-0.039708
-0.041345
-0.040889
-0.039986
-0.035540
-0.032357
-0.026889
-0.020480
-0.016683
-0.014385
-0.015011
-0.017833
-0.024392
-0.030999
-0.040348
-0.050582
-0.061159
-0.068720
-0.072420
-0.075237
-0.074089
-0.074914
-0.076278
-0.077442
-0.080743
-0.085127
-0.091365
-0.099264
-0.104539
-0.109741
-0.113427
-0.115363
-0.120962
-0.134809
-0.141154
-0.147692
-0.149697
-0.150094
-0.149226
-0.142971
-0.133021
-0.117823
-0.103937
-0.089739
-0.076521
-0.062981
-0.048410
-0.030150
-0.005592
0.020371
0.053014
0.087038
0.127419
0.174767
0.226732
0.276912
0.326272
0.368345
0.404047
0.429134
0.430669
0.413662
0.386616
0.352277
0.317877
0.275614
0.239277
0.205678
0.168924
0.133612
0.097676
0.060103
0.025463
-0.001688
-0.021290
-0.037579
-0.052488
-0.066726
-0.075513
-0.088342
-0.095867
-0.100555
-0.126716
-0.195468
-0.267171
-0.326806
-0.365070
-0.389476
-0.411146
-0.422108
-0.409397
-0.389198
-0.370256
-0.345968
-0.323677
-0.294905
-0.262832
-0.227643
-0.193520
-0.155422
-0.107420
-0.052511
0.011399
0.089202
0.172061
0.260780
0.350267
0.442834
0.488233
0.496622
0.507807
0.514755
0.515922
0.512113
0.500343
0.482063
0.461362
0.431751
0.395974
0.349896
0.287847
0.224925
0.164481
0.109295
0.056303
0.008434
-0.036961
-0.081183
-0.122011
-0.157744
-0.190194
-0.213592
-0.232619
-0.249940
-0.260520
-0.265081
-0.264025
-0.261639
-0.254125
-0.237895
-0.216869
-0.187970
-0.157713
-0.127697
-0.095801
-0.066806
-0.042752
-0.022622
-0.009467
-0.002088
-0.001772
-0.008226
-0.011331
-0.011615
-0.021325
-0.033928
-0.046351
-0.061828
-0.075412
-0.084024
-0.091423
-0.098286
-0.100130
-0.100993
-0.103203
-0.105964
-0.106531
-0.104608
-0.098577
-0.093093
-0.088614
-0.087211
-0.082424
-0.077739
-0.073987
-0.069530
-0.065585
-0.060269
-0.060451
-0.064659
-0.078435
-0.097330
-0.121242
-0.144437
-0.168102
-0.189794
-0.210528
-0.232777
-0.254774
-0.277981
-0.295759
-0.306577
-0.314628
-0.315862
-0.313227
-0.305052
-0.294563
-0.281151
-0.261716
-0.238973
-0.211412
-0.172132
-0.122138
-0.057219
0.007403
0.076372
0.152952
0.240377
0.325897
0.401402
0.466426
0.532434
0.612758
0.713605
0.821373
0.929304
1.017691
1.045178
1.016744
0.960247
0.882582
0.801503
0.716877
0.632489
0.548718
0.464806
0.383554
0.306407
0.230763
0.156543
0.085259
0.018765
-0.046949
-0.106855
-0.161178
-0.208642
-0.249581
-0.283372
-0.313111
-0.335743
-0.352945
-0.362475
-0.366583
-0.365525
-0.360349
-0.357117
-0.354444
-0.348000
-0.344592
-0.336140
-0.325242
-0.312831
-0.297233
-0.280835
-0.260215
-0.240738
-0.219734
-0.197261
-0.170620
-0.146801
-0.125929
-0.104634
-0.080227
-0.052507
-0.021347
-0.000095
0.012287
0.020034
0.022121
0.021481
0.020507
0.022128
0.021401
0.021802
0.022305
0.021004
0.015727
0.005239
-0.005006
-0.015282
-0.022051
-0.028978
-0.035800
-0.042143
-0.045651
-0.043729
-0.041554
-0.033595
-0.029548
-0.020987
-0.012776
-0.005395
0.005486
0.017572
0.031017
0.041870
0.049101
0.054547
0.059262
0.064454
0.070038
0.073341
0.071687
0.068354
0.065515
0.060547
0.055739
0.052248
0.050654
0.046682
0.038973
0.030400
0.023894
0.019550
0.019231
0.019434
0.018549
0.015876
0.014279
0.007514
0.004068
0.002882
-0.001708
-0.007671
-0.009078
-0.006047
-0.003184
-0.003394
-0.004239
-0.009008
-0.013401
-0.020251
-0.027237
-0.036491
-0.044745
-0.050731
-0.053594
-0.054924
-0.055736
-0.054211
-0.055487
-0.053700
-0.049380
-0.044089
-0.036157
-0.029892
-0.024604
-0.016512
-0.010660
-0.002158
0.007821
0.015686
0.022379
0.029801
0.036279
0.038847
0.038804
0.036782
0.031136
0.023262
0.014126
0.005627
-0.001430
-0.004733
-0.006273
-0.005727
-0.006651
-0.008100
-0.009036
-0.007451
-0.006565
-0.006814
-0.007334
-0.007419
-0.008837
-0.008035
-0.008920
-0.010213
-0.012812
-0.014020
-0.014366
-0.011733
-0.011248
-0.011908
-0.011349
-0.008854
-0.008214
-0.007173
-0.003115
-0.001526
-0.002003
-0.000518
-0.000312
-0.000505
0.004282
0.011402
0.019546
0.030853
0.043722
0.050338
0.055526
0.057969
0.057737
0.057528
0.055686
0.051732
0.044638
0.033505
0.024445
0.017387
0.009496
0.002028
-0.005179
-0.011413
-0.013161
-0.015201
-0.017627
-0.019099
-0.021405
-0.022319
-0.022356
-0.020178
-0.019061
-0.022106
-0.026291
-0.030840
-0.034738
-0.036400
-0.037576
-0.034208
-0.029683
-0.026959
-0.026454
-0.028557
-0.027278
-0.021414
-0.013984
-0.009347
-0.007275
-0.005769
-0.011358
-0.013436
-0.017240
-0.020292
-0.023652
-0.024731
-0.020194
-0.009784
0.000111
0.007132
0.015799
0.022605
0.028317
0.032448
0.038462
0.043213
0.046657
0.051732
0.057428
0.058381
0.055561
0.049099
0.037807
0.027906
0.017460
0.007779
-0.002864
-0.011164
-0.016562
-0.018232
-0.018473
-0.018391
-0.016303
-0.015511
-0.017144
-0.019563
-0.018952
-0.019887
-0.019191
-0.016992
-0.014459
-0.010213
-0.003483
0.004443
0.013726
0.025414
0.035253
0.043157
0.049800
0.054670
0.056631
0.054980
0.050879
0.042970
0.036558
0.028298
0.020773
0.014347
0.011448
0.002376
-0.007235
-0.012227
-0.016913
-0.020951
-0.018561
-0.015184
-0.012484
-0.010014
-0.007640
-0.005478
0.000714
0.003503
0.002617
0.001496
-0.001857
-0.006519
-0.013456
-0.018831
-0.022763
-0.025121
-0.023688
-0.021337
-0.021355
-0.023825
-0.027644
-0.030524
-0.035042
-0.039313
-0.041024
-0.041466
-0.043275
-0.042339
-0.043461
-0.045630
-0.048300
-0.045615
-0.038498
-0.032261
-0.024380
-0.015475
-0.009120
-0.002880
0.002079
0.005274
0.007790
0.011440
0.016442
0.022948
0.029409
0.037795
0.043504
0.044108
0.046136
0.050162
0.057686
0.068664
0.083353
0.097923
0.107452
0.112547
0.112608
0.110628
0.107783
0.103012
0.095291
0.085353
0.075259
0.065655
0.055808
0.045571
0.032875
0.015211
-0.004432
-0.023697
-0.041473
-0.058183
-0.073102
-0.090326
-0.105446
-0.120297
-0.135180
-0.149664
-0.164131
-0.174400
-0.184972
-0.193436
-0.199413
-0.201145
-0.198424
-0.192102
-0.183546
-0.176520
-0.175658
-0.170897
-0.163273
-0.154672
-0.148926
-0.145450
-0.140133
-0.133294
-0.129113
-0.126693
-0.125248
-0.122263
-0.115995
-0.106200
-0.092966
-0.082122
-0.071522
-0.058078
-0.042621
-0.023258
-0.001842
0.019442
0.044618
0.072892
0.099083
0.123846
0.146480
0.159429
0.157276
0.147708
0.139503
0.130234
0.123300
0.119245
0.115835
0.122306
0.125982
0.133041
0.135042
0.137381
0.140880
0.146911
0.152339
0.128885
0.097322
0.080931
0.066879
0.020756
-0.008772
-0.031096
-0.049822
-0.065361
-0.076424
-0.079879
-0.078178
-0.072466
-0.065316
-0.054152
-0.050145
-0.034258
-0.005209
0.035078
0.083962
0.141172
0.212395
0.287933
0.348169
0.379856
0.394358
0.398588
0.403456
0.405471
0.373093
0.326083
0.283135
0.247191
0.216916
0.191991
0.172018
0.148394
0.130216
0.116258
0.106408
0.070593
0.022593
-0.013553
-0.046751
-0.079747
-0.105804
-0.123394
-0.152515
-0.187108
-0.217890
-0.246992
-0.273073
-0.284996
-0.278041
-0.248074
-0.217181
-0.193335
-0.170983
-0.146189
-0.119170
-0.110644
-0.114471
-0.118002
-0.121932
-0.118783
-0.104823
-0.080148
-0.047732
-0.006481
0.038889
0.073261
0.097972
0.127918
0.148251
0.166662
0.188022
0.212343
0.227562
0.212581
0.167624
0.121003
0.085346
0.052331
0.019444
-0.001866
-0.022718
-0.036242
-0.049008
-0.078604
-0.105696
-0.143190
-0.180353
-0.212798
-0.236983
-0.252995
-0.261791
-0.265770
-0.260183
-0.248893
-0.227413
-0.201416
-0.170544
-0.129952
-0.087698
-0.039858
0.005623
0.055278
0.093592
0.080210
0.040824
0.008340
-0.022745
-0.048511
-0.070640
-0.083057
-0.089726
-0.094385
-0.096020
-0.096003
-0.087426
-0.079043
-0.069425
-0.059115
-0.042081
-0.018693
0.003455
0.033475
0.060812
0.086053
0.115329
0.146985
0.152026
0.151273
0.145766
0.142814
0.137283
0.129020
0.121552
0.114185
0.105343
0.096569
0.082611
0.068198
0.056046
0.032286
-0.002228
-0.037777
-0.072392
-0.103649
-0.132808
-0.163070
-0.187039
-0.209805
-0.226182
-0.237969
-0.246486
-0.246444
-0.243735
-0.243460
-0.242131
-0.238428
-0.228114
-0.213398
-0.187254
-0.150044
-0.103641
-0.053470
0.001234
0.058467
0.114553
0.170926
0.228110
0.287457
0.352770
0.416681
0.455822
0.460224
0.434450
0.406832
0.381740
0.360720
0.345907
0.338891
0.322873
0.297606
0.256706
0.212781
0.177312
0.142498
0.111790
0.082238
0.056667
0.027530
0.002993
-0.021213
-0.038863
-0.053262
-0.065932
-0.076684
-0.085113
-0.093402
-0.105225
-0.117292
-0.127660
-0.137458
-0.143921
-0.142785
-0.141507
-0.140623
-0.141222
-0.144148
-0.146229
-0.151548
-0.151269
-0.142704
-0.136544
-0.131710
-0.123095
-0.113609
-0.101455
-0.084688
-0.068512
-0.052235
-0.034951
-0.017545
-0.001733
0.011304
0.023370
0.031170
0.034680
0.036866
0.037358
0.031114
0.028678
0.026166
0.021200
0.017679
0.012760
0.001233
-0.008197
-0.015980
-0.021764
-0.022439
-0.026476
-0.028824
-0.033237
-0.035465
-0.036056
-0.033843
-0.030892
-0.029022
-0.028228
-0.027400
-0.024912
-0.023979
-0.022511
-0.020669
-0.018574
-0.016977
-0.015267
-0.013859
-0.008073
-0.000438
0.010653
0.020273
0.025172
0.028029
0.035332
0.045718
0.057049
0.066381
0.077433
0.084930
0.087002
0.089829
0.090154
0.089857
0.089116
0.084090
0.077543
0.071558
0.061209
0.052525
0.042394
0.029977
0.016353
0.005820
-0.006460
-0.019723
-0.032691
-0.046519
-0.059150
-0.068652
-0.077389
-0.083119
-0.088276
-0.094941
-0.105616
-0.118675
-0.127238
-0.133738
-0.139006
-0.143876
-0.149138
-0.151953
-0.152312
-0.152159
-0.152052
-0.152526
-0.151950
-0.149612
-0.142894
-0.132114
-0.124754
-0.114559
-0.103224
-0.094152
-0.083488
-0.076671
-0.073737
-0.074614
-0.077428
-0.085371
-0.093858
-0.104465
-0.113026
-0.118172
-0.121522
-0.123980
-0.122805
-0.118709
-0.111534
-0.102603
-0.093507
-0.088097
-0.079688
-0.069827
-0.058068
-0.050343
-0.038498
-0.025698
-0.011423
0.005561
0.026402
0.044360
0.053913
0.057829
0.038460
0.002035
-0.023139
-0.024463
-0.013832
0.008776
0.030758
0.052133
0.091255
0.131616
0.178344
0.238984
0.310352
0.386123
0.469946
0.559597
0.619411
0.627259
0.621893
0.601512
0.574140
0.545199
0.515723
0.486471
0.447353
0.399862
0.358808
0.318263
0.283836
0.258113
0.238091
0.223024
0.213214
0.205569
0.194240
0.183297
0.162692
0.099906
0.034450
-0.023043
-0.072996
-0.116141
-0.150742
-0.182139
-0.208896
-0.233413
-0.252598
-0.274012
-0.290639
-0.303300
-0.313879
-0.321912
-0.326721
-0.326424
-0.324211
-0.318339
-0.308093
-0.294490
-0.274348
-0.256427
-0.238553
-0.219540
-0.197799
-0.175483
-0.152278
-0.129269
-0.112135
-0.094565
-0.078747
-0.062261
-0.048309
-0.035609
-0.023949
-0.013846
-0.005286
0.010674
0.026380
0.042274
0.051714
0.054609
0.055596
0.053086
0.049793
0.041448
0.031644
0.020748
0.012363
0.003111
-0.006912
-0.014993
-0.020586
-0.022246
-0.022481
-0.025515
-0.029062
-0.032071
-0.032108
-0.032015
-0.029840
-0.028916
-0.028146
-0.027180
-0.025412
-0.022457
-0.020021
-0.013245
-0.007307
-0.001036
0.008763
0.013875
0.016871
0.016969
0.015513
0.013092
0.015109
0.018572
0.025369
0.031323
0.037230
0.040057
0.041776
0.043542
0.045269
0.048371
0.049678
0.055874
0.055832
0.058505
0.057889
0.061129
0.059962
0.054736
0.049556
0.042867
0.032410
0.022593
0.013822
0.005727
-0.002887
-0.009134
-0.017248
-0.025236
-0.030435
-0.035651
-0.041960
-0.046498
-0.048406
-0.050883
-0.051492
-0.053568
-0.052287
-0.049501
-0.045985
-0.046202
-0.048718
-0.050373
-0.050230
-0.049060
-0.045696
-0.039139
-0.035138
-0.030449
-0.026931
-0.027055
-0.026971
-0.027130
-0.026433
-0.026417
-0.025638
-0.026144
-0.028014
-0.030331
-0.032917
-0.035394
-0.035180
-0.034343
-0.032564
-0.031490
-0.030679
-0.027215
-0.022227
-0.017679
-0.015177
-0.015907
-0.016370
-0.015170
-0.009304
0.001294
0.016265
0.031604
0.039781
0.047577
0.053924
0.055532
0.054672
0.057738
0.059135
0.064017
0.070013
0.077353
0.082588
0.089343
0.095933
0.102200
0.089675
0.068844
0.050613
0.034446
0.024628
0.013531
0.003671
-0.004345
-0.010474
-0.014309
-0.018212
-0.023432
-0.028551
-0.030714
-0.034097
-0.036126
-0.042848
-0.049223
-0.055284
-0.056030
-0.055063
-0.050491
-0.044217
-0.039505
-0.035896
-0.035726
-0.035870
-0.040303
-0.042435
-0.037921
-0.033883
-0.028740
-0.020559
-0.008441
0.006490
0.025029
0.024132
-0.000550
-0.021482
-0.042197
-0.055767
-0.079125
-0.100767
-0.119495
-0.132652
-0.144545
-0.154340
-0.156859
-0.155619
-0.150509
-0.141825
-0.135758
-0.139870
-0.141618
-0.135216
-0.123251
-0.111167
-0.098851
-0.082098
-0.066928
-0.059904
-0.046241
-0.026783
-0.009259
0.010492
0.030223
0.051884
0.075360
0.099462
0.122934
0.151814
0.184314
0.217166
0.245333
0.267172
0.286730
0.293588
0.256465
0.212693
0.182217
0.165599
0.158981
0.161763
0.174241
0.182528
0.181617
0.190512
0.207279
0.236720
0.264724
0.293327
0.302270
0.300445
0.290617
0.279316
0.260438
0.241560
0.220154
0.195414
0.173319
0.146246
0.117818
0.084540
0.049090
0.012775
-0.024735
-0.061386
-0.094276
-0.117328
-0.138293
-0.154198
-0.173237
-0.195141
-0.219031
-0.242378
-0.272281
-0.301055
-0.330001
-0.353165
-0.374742
-0.390705
-0.409942
-0.423838
-0.430412
-0.434560
-0.433013
-0.425876
-0.415340
-0.398664
-0.378503
-0.357065
-0.329240
-0.297884
-0.265277
-0.233276
-0.191579
-0.150150
-0.105665
-0.059256
-0.016723
0.023249
0.067760
0.115549
0.166252
0.213655
0.262011
0.307006
0.349896
0.398726
0.449545
0.492553
0.512268
0.510488
0.502823
0.476871
0.435142
0.389134
0.351460
0.319874
0.288930
0.267415
0.246121
0.226861
0.210476
0.193993
0.157444
0.100387
0.047162
0.000232
-0.056034
-0.116327
-0.190230
-0.257206
-0.311305
-0.353538
-0.386383
-0.405314
-0.414841
-0.409734
-0.394775
-0.370693
-0.339503
-0.297629
-0.257116
-0.214620
-0.162809
-0.100211
-0.028672
0.041603
0.102155
0.161230
0.216229
0.267869
0.304232
0.319411
0.326901
0.323713
0.316905
0.306735
0.291492
0.273278
0.255092
0.232618
0.202937
0.169521
0.137227
0.103169
0.072720
0.039345
0.006563
-0.021119
-0.045904
-0.069401
-0.089238
-0.105047
-0.121905
-0.136930
-0.153140
-0.164639
-0.180142
-0.198679
-0.220800
-0.240361
-0.256290
-0.270345
-0.280153
-0.283608
-0.284586
-0.283377
-0.281869
-0.274102
-0.263231
-0.249349
-0.232554
-0.210573
-0.190125
-0.164168
-0.141117
-0.118670
-0.097942
-0.078201
-0.058658
-0.043769
-0.033210
-0.026266
-0.023094
-0.019216
-0.018684
-0.014004
-0.008289
-0.003576
0.003208
0.013258
0.018602
0.016772
0.013999
0.014670
0.016747
0.022438
0.033257
0.046251
0.064399
0.091842
0.126076
0.159638
0.199115
0.244269
0.299599
0.369641
0.448836
0.524196
0.572051
0.588658
0.565049
0.526375
0.487385
0.444137
0.396592
0.347653
0.295720
0.248861
0.200934
0.156814
0.113685
0.071035
0.031179
-0.009169
-0.045947
-0.077113
-0.105407
-0.128717
-0.148750
-0.166800
-0.182871
-0.197120
-0.211966
-0.224608
-0.231635
-0.238140
-0.244763
-0.247595
-0.248702
-0.249136
-0.245458
-0.240438
-0.234310
-0.226396
-0.216762
-0.206828
-0.192683
-0.178472
-0.160042
-0.139429
-0.118782
-0.100445
-0.081835
-0.064869
-0.049919
-0.035107
-0.019853
-0.004663
0.007514
0.013058
0.013589
0.017080
0.021021
0.027242
0.035962
0.046138
0.052357
0.058182
0.062417
0.066890
0.072247
0.078888
0.083549
0.084957
0.083206
0.080620
0.074292
0.067631
0.065000
0.060731
0.052682
0.044760
0.037170
0.031574
0.024950
0.018761
0.010920
0.003322
-0.002648
-0.010521
-0.017351
-0.022766
-0.026369
-0.028759
-0.028832
-0.030260
-0.033769
-0.034064
-0.032388
-0.035292
-0.036452
-0.038130
-0.040706
-0.043359
-0.043113
-0.039976
-0.035191
-0.029155
-0.028099
-0.030788
-0.032056
-0.032370
-0.033593
-0.030612
-0.027704
-0.022493
-0.015987
-0.009890
-0.005593
-0.001361
0.003639
0.008935
0.013548
0.018578
0.022536
0.023378
0.026204
0.026244
0.021976
0.017019
0.011337
0.002107
-0.003593
-0.010364
-0.011403
-0.014579
-0.022966
-0.031329
-0.037443
-0.040104
-0.042175
-0.046883
-0.050579
-0.051813
-0.051957
-0.051173
-0.050272
-0.050221
-0.053536
-0.064082
-0.071972
-0.083252
-0.092646
-0.101442
-0.109958
-0.117844
-0.120799
-0.119350
-0.114510
-0.109540
-0.103938
-0.096725
-0.086756
-0.073878
-0.059818
-0.039697
-0.018301
0.007048
0.035065
0.060881
0.084427
0.113455
0.149008
0.189030
0.229089
0.271068
0.306336
0.334522
0.357040
0.383424
0.379814
0.358089
0.336827
0.321328
0.310080
0.277928
0.226631
0.175279
0.129225
0.087028
0.047228
0.009777
-0.027138
-0.059726
-0.088031
-0.111790
-0.131309
-0.147021
-0.159680
-0.168588
-0.174189
-0.175984
-0.179068
-0.178375
-0.172148
-0.162226
-0.149047
-0.127908
-0.104377
-0.081204
-0.063058
-0.047425
-0.029897
-0.010687
0.009637
0.019781
0.020919
0.020928
0.019224
0.015263
0.011683
0.010838
0.011214
0.013543
0.016545
0.020517
0.021532
0.024757
0.028872
0.030823
0.029834
0.022626
0.014932
0.005908
-0.001798
-0.011642
-0.018443
-0.023423
-0.027231
-0.028060
-0.024181
-0.024455
-0.024849
-0.027425
-0.032416
-0.036157
-0.039472
-0.039840
-0.042446
-0.048041
-0.055731
-0.057338
-0.058877
-0.054846
-0.047671
-0.040799
-0.033449
-0.025020
-0.018809
-0.012612
-0.006794
0.001821
0.012244
0.020403
0.023975
0.028665
0.035036
0.041318
0.049300
0.053499
0.057332
0.059651
0.063686
0.064848
0.065192
0.063036
0.056028
0.047649
0.037232
0.025447
0.016433
0.008862
-0.000588
-0.010397
-0.019732
-0.024166
-0.029509
-0.032830
-0.031073
-0.028143
-0.029748
-0.036403
-0.043306
-0.049072
-0.053947
-0.053172
-0.050881
-0.048912
-0.045847
-0.047806
-0.054585
-0.063352
-0.076552
-0.086696
-0.098168
-0.112335
-0.127560
-0.140196
-0.152640
-0.161846
-0.168833
-0.177777
-0.185061
-0.194863
-0.205897
-0.216938
-0.226467
-0.235229
-0.246819
-0.258486
-0.269354
-0.274453
-0.272068
-0.266401
-0.258487
-0.254870
-0.248951
-0.239316
-0.226665
-0.209822
-0.191684
-0.170304
-0.145319
-0.116703
-0.080652
-0.041324
0.000506
0.044487
0.097068
0.152593
0.210392
0.272288
0.345142
0.423481
0.506613
0.586969
0.669309
0.746379
0.790904
0.806349
0.748356
0.680274
0.592446
0.513632
0.440368
0.370334
0.309755
0.269406
0.243734
0.233957
0.227519
0.199509
0.152584
0.115750
0.089329
0.078675
0.079054
0.085292
0.070507
0.053586
0.039253
0.026817
0.022596
0.019119
0.016370
0.005530
-0.019312
-0.049045
-0.076685
-0.102422
-0.125865
-0.148193
-0.163937
-0.174158
-0.182801
-0.182968
-0.181367
-0.181308
-0.178236
-0.181095
-0.182996
-0.184477
-0.182802
-0.179329
-0.176905
-0.172817
-0.167921
-0.169136
-0.168553
-0.167369
-0.164348
-0.149487
-0.127732
-0.102209
-0.076264
-0.062242
-0.059897
-0.057681
-0.050021
-0.039060
-0.028251
-0.022154
-0.012947
-0.008076
0.001524
0.010658
0.021213
0.031457
0.037959
0.041251
0.042930
0.045134
0.049330
0.052062
0.052054
0.047731
0.042557
0.038534
0.035401
0.031190
0.025949
0.021493
0.015308
0.008144
0.002032
-0.002707
-0.010005
-0.016910
-0.025223
-0.036662
-0.046075
-0.052169
-0.054016
-0.055948
-0.059097
-0.061228
-0.066850
-0.070534
-0.071566
-0.069420
-0.068635
-0.067712
-0.065421
-0.060474
-0.052364
-0.046828
-0.044279
-0.040243
-0.034873
-0.030400
-0.026074
-0.020520
-0.015675
-0.014529
-0.015116
-0.013780
-0.013343
-0.013748
-0.014327
-0.014609
-0.014718
-0.011457
-0.003550
0.003852
0.010534
0.019565
0.028756
0.035668
0.040037
0.045019
0.053125
0.062080
0.063525
0.066246
0.066483
0.067642
0.062955
0.057579
0.050144
0.048591
0.045948
0.043463
0.040641
0.035598
0.029892
0.024763
0.016449
0.013620
0.012563
0.009391
0.004879
0.001391
-0.006035
-0.012039
-0.017065
-0.020433
-0.022721
-0.021668
-0.024806
-0.031914
-0.038560
-0.042556
-0.045699
-0.046661
-0.050138
-0.053406
-0.058197
-0.063098
-0.066668
-0.067843
-0.062564
-0.054888
-0.042464
-0.028820
-0.016911
-0.007268
0.000293
0.003467
0.004519
0.011575
0.021273
0.028358
0.035761
0.041126
0.045692
0.046453
0.045653
0.044573
0.039097
0.033972
0.027397
0.024089
0.023805
0.024843
0.028070
0.030989
0.031754
0.030904
0.028885
0.028620
0.030243
0.028839
0.027163
0.023881
0.018171
0.017403
0.016922
0.013415
0.010561
0.009092
0.007630
0.005614
0.001348
-0.002672
-0.003863
-0.003940
-0.002437
-0.002755
-0.004406
-0.004016
-0.006361
-0.009866
-0.012997
-0.017390
-0.021487
-0.029203
-0.037291
-0.044927
-0.049842
-0.052404
-0.054646
-0.057376
-0.060283
-0.059438
-0.054522
-0.047364
-0.039686
-0.034760
-0.027194
-0.021826
-0.016958
-0.012118
-0.003916
0.007303
0.022485
0.035984
0.048980
0.062888
0.069766
0.076419
0.081284
0.088678
0.092961
0.090675
0.088719
0.091466
0.095790
0.096130
0.092413
0.086224
0.077740
0.070784
0.059279
0.048851
0.043609
0.037653
0.029714
0.019486
0.008874
-0.002400
-0.013352
-0.030602
-0.052288
-0.075666
-0.098228
-0.118261
-0.137491
-0.155859
-0.172365
-0.190765
-0.209586
-0.222815
-0.231916
-0.234976
-0.237995
-0.243242
-0.247806
-0.256125
-0.263712
-0.272787
-0.284992
-0.294084
-0.300551
-0.306480
-0.310462
-0.314902
-0.315418
-0.313186
-0.302795
-0.289615
-0.276399
-0.264473
-0.249555
-0.226219
-0.191475
-0.146803
-0.104095
-0.058658
-0.006300
0.048905
0.107138
0.162866
0.194614
0.216551
0.256102
0.304814
0.359867
0.411602
0.461120
0.515055
0.561152
0.564465
0.553881
0.539808
0.531972
0.520483
0.480060
0.442224
0.406628
0.369377
0.342351
0.327407
0.324143
0.328899
0.339064
0.359025
0.388357
0.377720
0.320287
0.262793
0.193939
0.134256
0.089263
0.057749
0.032745
-0.007650
-0.050278
-0.092295
-0.124462
-0.151103
-0.174158
-0.193765
-0.213737
-0.227330
-0.233641
-0.233741
-0.230889
-0.226198
-0.215063
-0.194138
-0.169709
-0.149522
-0.131746
-0.101697
-0.061431
-0.015024
0.034904
0.075340
0.094434
0.107252
0.093174
0.068872
0.031218
-0.016353
-0.070551
-0.132542
-0.197115
-0.247202
-0.302325
-0.354172
-0.397366
-0.432853
-0.456231
-0.473467
-0.476264
-0.469380
-0.458783
-0.447119
-0.433080
-0.422240
-0.407807
-0.384220
-0.353034
-0.311154
-0.262224
-0.201536
-0.133281
-0.061608
0.010306
0.077589
0.144727
0.211926
0.240462
0.226131
0.197311
0.175348
0.161614
0.162627
0.170961
0.190584
0.213720
0.236491
0.264715
0.301748
0.343943
0.389493
0.440208
0.489172
0.534812
0.575093
0.603200
0.603150
0.593269
0.554003
0.506131
0.461714
0.426520
0.392019
0.341534
0.293563
0.246498
0.201875
0.136002
0.068046
0.008539
-0.046061
-0.095040
-0.138001
-0.178296
-0.212897
-0.242490
-0.265723
-0.281135
-0.292299
-0.299267
-0.302523
-0.303988
-0.296734
-0.290114
-0.282297
-0.269157
-0.253270
-0.237785
-0.215981
-0.192778
-0.172438
-0.148114
-0.124418
-0.098257
-0.073243
-0.051062
-0.036982
-0.028164
-0.021640
-0.016882
-0.011190
-0.002656
0.007385
0.013707
0.018310
0.019766
0.020459
0.017947
0.013916
0.012301
0.011000
0.014557
0.012536
0.011438
0.015244
0.016520
0.013772
0.015503
0.016551
0.016086
0.014326
0.009328
0.007286
0.006755
0.003675
-0.001255
-0.006983
-0.014218
-0.019649
-0.026993
-0.032883
-0.037361
-0.041366
-0.043112
-0.042691
-0.042578
-0.042896
-0.041721
-0.039359
-0.039219
-0.040172
-0.037682
-0.032637
-0.029576
-0.026949
-0.025223
-0.023082
-0.023369
-0.024165
-0.023071
-0.020489
-0.015588
-0.011771
-0.011376
-0.012412
-0.011330
-0.007517
-0.007126
-0.003019
-0.000380
0.000068
0.002822
0.004344
0.007328
0.007853
0.007068
0.008863
0.011122
0.012917
0.014778
0.015324
0.017606
0.020766
0.026923
0.034864
0.041583
0.047583
0.054793
0.058401
0.059120
0.062163
0.063635
0.063223
0.056786
0.044768
0.031781
0.017364
0.003918
-0.011167
-0.036323
-0.062349
-0.084625
-0.106416
-0.124620
-0.140282
-0.157699
-0.183056
-0.208300
-0.232882
-0.251620
-0.265714
-0.282595
-0.302136
-0.319260
-0.332048
-0.343750
-0.355823
-0.369562
-0.378186
-0.382513
-0.385653
-0.384301
-0.378499
-0.367042
-0.347935
-0.321505
-0.293171
-0.263121
-0.227944
-0.191599
-0.152519
-0.105322
-0.049553
0.014918
0.080501
0.140402
0.214430
0.294807
0.382054
0.472599
0.568096
0.665906
0.765542
0.858142
0.933086
1.003281
1.046056
1.069199
1.074758
0.993478
0.899765
0.813780
0.743705
0.686561
0.621804
0.567491
0.469158
0.357219
0.255850
0.158253
0.065752
-0.024576
-0.107701
-0.175204
-0.221163
-0.262617
-0.294381
-0.311462
-0.314567
-0.320249
-0.330988
-0.339521
-0.344034
-0.341231
-0.334026
-0.330805
-0.338721
-0.346622
-0.348688
-0.350783
-0.349463
-0.343548
-0.327129
-0.305480
-0.285937
-0.271063
-0.255496
-0.246407
-0.240497
-0.235270
-0.230284
-0.226469
-0.219738
-0.206032
-0.192576
-0.179453
-0.178554
-0.181535
-0.187533
-0.194360
-0.201860
-0.212012
-0.215567
-0.221419
-0.216250
-0.205748
-0.194011
-0.172348
-0.146334
-0.129926
-0.121604
-0.143957
-0.170775
-0.182980
-0.180753
-0.173347
-0.149536
-0.118272
-0.086033
-0.046524
0.000413
0.061075
0.097284
0.104924
0.104190
0.080238
0.053448
0.035557
0.029849
0.036016
0.057099
0.092437
0.132498
0.179863
0.225833
0.280489
0.342138
0.386007
0.427420
0.483077
0.524941
0.536063
0.550208
0.558513
0.520502
0.464552
0.411720
0.376049
0.349778
0.328821
0.324735
0.320866
0.321005
0.323008
0.335693
0.342737
0.343865
0.322009
0.305676
0.282987
0.237226
0.172111
0.121485
0.076583
0.024880
-0.038364
-0.105664
-0.167178
-0.229730
-0.287619
-0.341757
-0.379660
-0.418731
-0.456142
-0.493257
-0.529242
-0.558672
-0.577302
-0.587524
-0.591724
-0.588893
-0.587021
-0.588387
-0.580111
-0.566731
-0.554872
-0.542260
-0.522484
-0.491861
-0.451073
-0.405126
-0.350175
-0.285144
-0.226123
-0.175880
-0.140174
-0.108513
-0.078222
-0.044147
-0.004421
0.035446
0.090202
0.149575
0.199510
0.242241
0.290711
0.341132
0.359537
0.377477
0.346900
0.313962
0.290823
0.281133
0.267110
0.250683
0.236690
0.223775
0.225921
0.233559
0.243185
0.236105
0.236230
0.228961
0.209403
0.196487
0.193060
0.202616
0.229449
0.260416
0.301568
0.348135
0.352443
0.318090
0.290334
0.276519
0.270274
0.273067
0.254521
0.211001
0.181869
0.173541
0.189651
0.204536
0.175579
0.160797
0.158067
0.161116
0.100366
0.011507
-0.076816
-0.158136
-0.226294
-0.285552
-0.336609
-0.387329
-0.417218
-0.441239
-0.457188
-0.485359
-0.508205
-0.514352
-0.510272
-0.495816
-0.474555
-0.439279
-0.402218
-0.347017
-0.277152
-0.191494
-0.101133
-0.009040
0.085818
0.186617
0.293270
0.371459
0.418374
0.440190
0.457591
0.457515
0.444008
0.409557
0.358651
0.307888
0.261085
0.223600
0.185092
0.155062
0.116746
0.085821
0.067499
0.042927
-0.006899
-0.047588
-0.075245
-0.094372
-0.121040
-0.135691
-0.145365
-0.150117
-0.147043
-0.135072
-0.117953
-0.109995
-0.136855
-0.170475
-0.202661
-0.234592
-0.259751
-0.266127
-0.264435
-0.250081
-0.221899
-0.187703
-0.141969
-0.090605
-0.032511
0.026401
0.091976
0.153376
0.185572
0.174565
0.135198
0.098150
0.060399
0.022942
-0.005018
-0.020507
-0.030887
-0.036378
-0.033454
-0.025052
-0.000006
0.026992
0.061097
0.095414
0.108829
0.115983
0.125946
0.137602
0.158968
0.190655
0.222519
0.239917
0.242891
0.227579
0.179639
0.136553
0.086534
0.037233
-0.003219
-0.041233
-0.072629
-0.103332
-0.123227
-0.148434
-0.186564
-0.224131
-0.272435
-0.309340
-0.346643
-0.384130
-0.400956
-0.396492
-0.377191
-0.347547
-0.305599
-0.244566
-0.184660
-0.119492
-0.039308
0.046233
0.131805
0.177329
0.175913
0.164460
0.165273
0.173647
0.189223
0.210656
0.229122
0.263091
0.292954
0.314888
0.338233
0.365943
0.349484
0.318662
0.306143
0.293952
0.272592
0.253554
0.235113
0.211840
0.153479
0.080895
0.023276
-0.008638
-0.026670
-0.041176
-0.056137
-0.066483
-0.064421
-0.060506
-0.072086
-0.086696
-0.108469
-0.132365
-0.156731
-0.177025
-0.196254
-0.214174
-0.227240
-0.235317
-0.230846
-0.223484
-0.215805
-0.211587
-0.208159
-0.202915
-0.187945
-0.164524
-0.134837
-0.103311
-0.073073
-0.042966
-0.003178
0.043294
0.087310
0.132171
0.181206
0.225593
0.231440
0.218973
0.210238
0.204960
0.205135
0.198032
0.185702
0.149057
0.117673
0.094457
0.074872
0.057943
0.039132
0.007810
-0.030092
-0.059239
-0.091644
-0.134000
-0.176941
-0.216126
-0.250557
-0.281944
-0.304453
-0.317937
-0.335572
-0.348500
-0.359425
-0.371028
-0.379418
-0.384183
-0.387252
-0.385160
-0.377063
-0.373552
-0.366892
-0.359521
-0.341286
-0.315187
-0.283798
-0.241603
-0.191428
-0.131379
-0.069038
0.001774
0.068059
0.129193
0.178688
0.209860
0.220583
0.228131
0.245379
0.265864
0.289868
0.328215
0.380268
0.419290
0.438877
0.461138
0.437333
0.392069
0.354941
0.320653
0.309335
0.306422
0.302355
0.296186
0.277220
0.224674
0.173421
0.133754
0.100163
0.073246
0.063104
0.059615
0.053718
0.051342
0.030430
0.003298
-0.001983
0.017768
0.048772
0.092391
0.140949
0.164869
0.165925
0.149258
0.143574
0.148432
0.159032
0.175237
0.161790
0.144830
0.134447
0.133022
0.132670
0.100609
0.055887
0.003704
-0.045902
-0.089715
-0.126007
-0.161315
-0.204976
-0.251342
-0.293978
-0.325992
-0.344182
-0.353821
-0.367127
-0.381015
-0.389113
-0.393148
-0.397376
-0.396175
-0.387708
-0.367708
-0.353745
-0.340846
-0.328816
-0.317140
-0.302483
-0.284663
-0.260288
-0.231720
-0.208244
-0.185246
-0.177299
-0.167777
-0.161165
-0.150001
-0.136616
-0.109513
-0.077982
-0.040646
-0.004872
0.036896
0.086640
0.125704
0.142754
0.134764
0.137518
0.145518
0.152559
0.172762
0.200655
0.232314
0.241257
0.244492
0.249814
0.256888
0.255463
0.248944
0.222361
0.179222
0.138022
0.112042
0.106992
0.111623
0.132701
0.142209
0.116652
0.083506
0.069460
0.059092
0.061435
0.070164
0.070769
0.074231
0.085112
0.108938
0.139568
0.184385
0.233981
0.261855
0.246727
0.225140
0.215873
0.209912
0.184585
0.144369
0.104691
0.082187
0.062879
0.048629
0.037407
0.032846
0.029716
0.028214
0.016273
-0.003122
-0.007209
-0.008738
0.002862
0.017119
0.035238
0.041536
0.036231
0.023495
0.002852
-0.007683
-0.006426
-0.000774
0.008218
0.021266
0.040320
0.065573
0.100192
0.134178
0.140498
0.117696
0.088461
0.049390
0.017221
-0.009450
-0.020932
-0.029182
-0.016843
0.006026
0.021935
0.007386
-0.013250
-0.026645
-0.060311
-0.109090
-0.150539
-0.189583
-0.225844
-0.258602
-0.281098
-0.301330
-0.318183
-0.331001
-0.340283
-0.351765
-0.357266
-0.361170
-0.373625
-0.382127
-0.386008
-0.382124
-0.363445
-0.338157
-0.313406
-0.290092
-0.272966
-0.255971
-0.246345
-0.231810
-0.211264
-0.178042
-0.137655
-0.084694
-0.028656
0.030362
0.091031
0.152639
0.224260
0.310473
0.400931
0.504801
0.611579
0.686537
0.720168
0.725484
0.698783
0.664344
0.638613
0.613791
0.572731
0.517216
0.468145
0.419402
0.376355
0.337426
0.270721
0.193982
0.122665
0.064486
0.013312
-0.028754
-0.069842
-0.107519
-0.147107
-0.181635
-0.207254
-0.223856
-0.229083
-0.245791
-0.260915
-0.273090
-0.290422
-0.305265
-0.324249
-0.343662
-0.364777
-0.383606
-0.396465
-0.404943
-0.412555
-0.417548
-0.419798
-0.419981
-0.414235
-0.408614
-0.404819
-0.405930
-0.400121
-0.396100
-0.384680
-0.364176
-0.340014
-0.320521
-0.302989
-0.283912
-0.255443
-0.224574
-0.192348
-0.153514
-0.110267
-0.060947
-0.009683
0.044633
0.111763
0.182125
0.251801
0.327580
0.400256
0.474548
0.547634
0.623890
0.685783
0.735412
0.713800
0.657138
0.604810
0.561952
0.525806
0.473647
0.417438
0.359842
0.301066
0.247501
0.176630
0.093128
0.008630
-0.066192
-0.127571
-0.181916
-0.248024
-0.309998
-0.371595
-0.429194
-0.467063
-0.495117
-0.506176
-0.511323
-0.503946
-0.493614
-0.479078
-0.447140
-0.412452
-0.373711
-0.333325
-0.290883
-0.256706
-0.233449
-0.214096
-0.193081
-0.166029
-0.141673
-0.162147
-0.191229
-0.205116
-0.204154
-0.193206
-0.170598
-0.137577
-0.093926
-0.032675
0.044945
0.135417
0.229197
0.335601
0.434175
0.499684
0.560500
0.619500
0.656356
0.673368
0.693726
0.697407
0.666006
0.621398
0.600688
0.591230
0.583277
0.557846
0.506429
0.425889
0.355346
0.291628
0.236429
0.197944
0.170477
0.146762
0.131011
0.121956
0.124405
0.125775
0.125246
0.128414
0.136467
0.139142
0.132268
0.111473
0.072698
0.029176
-0.011799
-0.047236
-0.082671
-0.115314
-0.142698
-0.168434
-0.188892
-0.204365
-0.220300
-0.229192
-0.231957
-0.223898
-0.213708
-0.200454
-0.193294
-0.185979
-0.178465
-0.174650
-0.171893
-0.164555
-0.159089
-0.152835
-0.147378
-0.148529
-0.152925
-0.154463
-0.158184
-0.162657
-0.164964
-0.165269
-0.166405
-0.168259
-0.167453
-0.165661
-0.163565
-0.157239
-0.147712
-0.139813
-0.129180
-0.113506
-0.096168
-0.082327
-0.071255
-0.064987
-0.058796
-0.050785
-0.045030
-0.042348
-0.036584
-0.033477
-0.027814
-0.019479
-0.010445
-0.003626
0.004545
0.014387
0.020286
0.024398
0.026887
0.030313
0.035840
0.036183
0.033072
0.029250
0.027121
0.028104
0.028772
0.023360
0.019676
0.016522
0.012371
0.006603
0.001600
-0.001794
-0.003869
-0.004905
-0.001858
0.000676
0.003239
0.004693
0.008944
0.018580
0.025653
0.032362
0.033628
0.037946
0.034764
0.029361
0.026745
0.026113
0.027643
0.026872
0.021239
0.013647
0.005834
0.001774
0.000760
0.000896
0.002868
0.006603
0.010534
0.011550
0.008627
0.005751
0.002794
0.002659
-0.001613
-0.009011
-0.023120
-0.037424
-0.051545
-0.067707
-0.083278
-0.099610
-0.121384
-0.141902
-0.161032
-0.174971
-0.186259
-0.199080
-0.209117
-0.218763
-0.231612
-0.240787
-0.245801
-0.248861
-0.247321
-0.245383
-0.242014
-0.237136
-0.228149
-0.217413
-0.207367
-0.197787
-0.186616
-0.171375
-0.151793
-0.126794
-0.098082
-0.063896
-0.029062
0.013861
0.053364
0.097438
0.147014
0.205524
0.270615
0.331317
0.390874
0.450723
0.509373
0.550762
0.566437
0.579078
0.594877
0.613184
0.621711
0.608317
0.564113
0.502775
0.436626
0.369753
0.303779
0.235986
0.161316
0.089785
0.023472
-0.034492
-0.087343
-0.134745
-0.172850
-0.197301
-0.220619
-0.237421
-0.253160
-0.258275
-0.259938
-0.273440
-0.297369
-0.321263
-0.341491
-0.351121
-0.353173
-0.358541
-0.363858
-0.366774
-0.366910
-0.365165
-0.360379
-0.356441
-0.347282
-0.341962
-0.327457
-0.304299
-0.271134
-0.232618
-0.199746
-0.167045
-0.134761
-0.105863
-0.073816
-0.068458
-0.074331
-0.066298
-0.049984
-0.024980
0.006831
0.019223
0.011922
0.006529
0.017380
0.026917
0.031438
0.036987
0.042253
0.047285
0.062966
0.090529
0.126637
0.159247
0.198049
0.252405
0.303442
0.361567
0.413036
0.457909
0.472130
0.466644
0.461046
0.443299
0.425371
0.419082
0.421306
0.405537
0.384900
0.354446
0.314414
0.289695
0.278987
0.277810
0.250381
0.178521
0.119343
0.064152
0.018953
-0.019000
-0.046676
-0.062501
-0.051051
-0.028431
-0.012370
-0.039152
-0.059495
-0.079303
-0.096776
-0.116625
-0.139932
-0.164988
-0.184475
-0.196641
-0.202450
-0.196882
-0.201243
-0.227143
-0.273109
-0.304094
-0.314476
-0.318684
-0.325591
-0.324357
-0.313452
-0.296364
-0.271272
-0.248638
-0.215985
-0.186106
-0.144812
-0.105463
-0.058419
-0.004779
0.045845
0.075276
0.106399
0.136909
0.167916
0.198018
0.217778
0.231303
0.236105
0.220828
0.200386
0.174699
0.153590
0.147494
0.138000
0.101617
0.070881
0.047073
0.030655
0.006033
-0.020241
-0.053401
-0.084099
-0.097372
-0.096640
-0.105184
-0.114090
-0.133766
-0.168691
-0.194756
-0.217342
-0.235022
-0.249073
-0.253910
-0.249859
-0.244000
-0.230188
-0.210191
-0.192109
-0.170791
-0.131620
-0.080830
-0.028787
0.027283
0.087717
0.143270
0.202101
0.234409
0.245796
0.234731
0.221755
0.219599
0.203967
0.185753
0.176567
0.164173
0.153860
0.142413
0.125673
0.109611
0.099964
0.101831
0.117062
0.153562
0.182119
0.219168
0.271357
0.273951
0.287167
0.307391
0.313970
0.292738
0.260556
0.230895
0.196520
0.160186
0.114022
0.060150
0.009034
-0.035205
-0.086303
-0.135760
-0.184254
-0.224101
-0.260279
-0.285953
-0.302123
-0.318917
-0.331281
-0.339402
-0.331292
-0.313849
-0.298610
-0.278657
-0.253700
-0.224276
-0.185618
-0.158449
-0.125950
-0.091069
-0.039705
0.018540
0.044105
0.001193
-0.051209
-0.114064
-0.166520
-0.206406
-0.238053
-0.274366
-0.309695
-0.344047
-0.360347
-0.368462
-0.358632
-0.331053
-0.295628
-0.254511
-0.209030
-0.157857
-0.107378
-0.061189
-0.026111
0.017345
0.061024
0.094497
0.127072
0.179965
0.229093
0.277645
0.317645
0.339124
0.357485
0.353927
0.338388
0.339918
0.329463
0.301814
0.277487
0.254426
0.235321
0.214792
0.199613
0.192370
0.185535
0.190097
0.223116
0.223016
0.190815
0.154252
0.110047
0.094989
0.085483
0.052315
-0.002946
-0.045060
-0.071411
-0.100474
-0.117541
-0.127982
-0.133970
-0.172054
-0.193999
-0.217881
-0.231547
-0.227433
-0.200356
-0.138831
-0.074572
0.000096
0.070733
0.127678
0.190069
0.195000
0.200132
0.209036
0.213210
0.224530
0.247183
0.270193
0.285011
0.294253
0.313970
0.343002
0.366732
0.372628
0.360798
0.352145
0.357394
0.347625
0.317188
0.266775
0.216315
0.131559
0.044491
-0.016974
-0.068809
-0.106816
-0.142368
-0.176092
-0.203408
-0.219270
-0.246324
-0.275502
-0.293922
-0.309607
-0.320708
-0.328545
-0.336227
-0.344175
-0.351652
-0.382271
-0.405983
-0.421599
-0.430718
-0.434486
-0.430673
-0.417696
-0.410011
-0.418904
-0.434921
-0.438883
-0.437484
-0.424926
-0.401401
-0.377824
-0.342029
-0.292370
-0.233769
-0.174029
-0.110157
-0.035928
0.050352
0.142962
0.237570
0.342704
0.439827
0.516368
0.583234
0.620387
0.617046
0.608353
0.596658
0.571835
0.509139
0.453187
0.415914
0.379491
0.335934
0.308175
0.277112
0.257988
0.232943
0.202636
0.162764
0.104331
0.047464
-0.002575
-0.042659
-0.083504
-0.111514
-0.122006
-0.123874
-0.133919
-0.134202
-0.124842
-0.120159
-0.124729
-0.152124
-0.181896
-0.212115
-0.233764
-0.240289
-0.237327
-0.244154
-0.268375
-0.286045
-0.293313
-0.291696
-0.281961
-0.265287
-0.247170
-0.220942
-0.180576
-0.132371
-0.099016
-0.068907
-0.027559
0.014438
0.015334
-0.000368
-0.001939
0.008915
0.026258
0.056885
0.093775
0.138787
0.182659
0.230797
0.275344
0.294563
0.279865
0.271755
0.243151
0.216793
0.194666
0.184020
0.176422
0.181150
0.197376
0.208926
0.225792
0.249158
0.271659
0.292146
0.282704
0.268324
0.264633
0.257983
0.212886
0.154214
0.103303
0.067617
0.047784
-0.000420
-0.064727
-0.128392
-0.181719
-0.228972
-0.269327
-0.308921
-0.337464
-0.357173
-0.363774
-0.363143
-0.360362
-0.355345
-0.344280
-0.331928
-0.315501
-0.297973
-0.272818
-0.255772
-0.251311
-0.245788
-0.233242
-0.218609
-0.204865
-0.189779
-0.178708
-0.163666
-0.138964
-0.109422
-0.076051
-0.042420
-0.009358
0.023595
0.038669
0.052949
0.066882
0.069438
0.072148
0.080121
0.074180
0.065627
0.057903
0.054991
0.060250
0.074034
0.078708
0.091000
0.112443
0.149577
0.198779
0.245983
0.268161
0.264702
0.277558
0.304789
0.321481
0.357489
0.407660
0.433973
0.429947
0.431931
0.422931
0.382891
0.354603
0.313792
0.259033
0.179664
0.109775
0.026583
-0.057204
-0.127212
-0.185985
-0.229848
-0.251043
-0.243414
-0.230428
-0.218885
-0.181343
-0.126009
-0.052957
0.047348
0.087847
0.089814
0.096076
0.106785
0.089999
0.071918
-0.033164
-0.179220
-0.283314
-0.381002
-0.425069
-0.403558
-0.351097
-0.251936
-0.044263
0.114194
0.349007
0.718765
0.328152
-0.256728
-0.052523
-1.000000
-1.000000
-1.000000
-1.000000
