-1.000000
-1.000000
-1.000000
-1.000000
-0.113625
-0.100373
-0.089168
-0.080295
-0.073697
-0.065719
-0.032352
0.005888
0.033176
0.058322
0.086599
0.113948
0.121456
0.127426
0.146574
0.172378
0.209085
0.252175
0.290524
0.324796
0.290091
0.250818
0.203604
0.126159
0.038305
-0.043507
-0.113197
-0.176621
-0.232099
-0.283909
-0.330998
-0.360622
-0.375526
-0.376294
-0.372843
-0.364663
-0.353834
-0.335811
-0.312779
-0.280615
-0.236932
-0.191607
-0.140165
-0.090773
-0.039751
0.015587
0.072615
0.113018
0.140017
0.164281
0.192465
0.220989
0.252780
0.286904
0.325319
0.368346
0.415293
0.462606
0.478109
0.471215
0.438680
0.392637
0.336472
0.268097
0.210057
0.148409
0.075010
0.010136
-0.044593
-0.099573
-0.146075
-0.187711
-0.228560
-0.258154
-0.275530
-0.280201
-0.283747
-0.274882
-0.254914
-0.232111
-0.198050
-0.153248
-0.093343
-0.012803
0.075359
0.166248
0.208044
0.195883
0.138134
0.081280
0.031031
-0.012097
-0.053955
-0.094799
-0.126674
-0.146454
-0.151734
-0.146295
-0.133263
-0.126299
-0.114759
-0.098362
-0.077202
-0.050145
-0.011948
0.020105
0.015699
-0.023363
-0.053228
-0.076213
-0.096991
-0.104708
-0.096401
-0.109186
-0.113991
-0.120666
-0.123997
-0.119526
-0.113542
-0.118972
-0.140958
-0.148319
-0.145748
-0.133080
-0.111240
-0.078093
-0.041841
-0.031123
-0.051030
-0.057280
-0.051530
-0.033606
-0.015717
0.009237
0.039702
0.047576
0.041918
0.030674
0.032924
0.021999
0.040244
0.080081
0.113008
0.122655
0.142772
0.180422
0.226721
0.290505
0.365477
0.438651
0.459070
0.476054
0.504780
0.519341
0.556826
0.589576
0.608214
0.622916
0.619831
0.617353
0.586786
0.534284
0.477055
0.391052
0.299153
0.208477
0.119396
0.024693
-0.064923
-0.140188
-0.217664
-0.291287
-0.357120
-0.406355
-0.446174
-0.475859
-0.505574
-0.530170
-0.537361
-0.538650
-0.527652
-0.501611
-0.462721
-0.411013
-0.351381
-0.289748
-0.241080
-0.189108
-0.132336
-0.077757
-0.017929
0.013292
0.013264
-0.008946
-0.028598
-0.052763
-0.098146
-0.142095
-0.171156
-0.183920
-0.175911
-0.170246
-0.182477
-0.183075
-0.179279
-0.161591
-0.136339
-0.110719
-0.112426
-0.119453
-0.109834
-0.085426
-0.047999
-0.007016
0.048002
0.123091
0.212549
0.291992
0.335844
0.388168
0.439739
0.474976
0.500271
0.514836
0.527041
0.528296
0.490696
0.419731
0.334940
0.258721
0.187512
0.129355
0.083943
0.043789
0.004677
-0.035555
-0.071056
-0.095346
-0.122947
-0.150577
-0.165340
-0.180174
-0.188123
-0.177126
-0.158498
-0.136798
-0.157291
-0.183323
-0.196150
-0.200664
-0.194833
-0.189270
-0.171663
-0.147742
-0.107144
-0.065434
-0.012461
0.040111
0.088023
0.121970
0.162356
0.203531
0.238696
0.271249
0.314668
0.354777
0.378527
0.389209
0.387408
0.380573
0.385630
0.396722
0.401111
0.396322
0.390096
0.374059
0.341624
0.294972
0.245970
0.192478
0.138595
0.089886
0.043662
0.000194
-0.038047
-0.075243
-0.101450
-0.128257
-0.156696
-0.188233
-0.217800
-0.249024
-0.292541
-0.334411
-0.371353
-0.398075
-0.417985
-0.431730
-0.440514
-0.444768
-0.450972
-0.455304
-0.458162
-0.453268
-0.451969
-0.452801
-0.451937
-0.447629
-0.444585
-0.442689
-0.443093
-0.437287
-0.434964
-0.427127
-0.418246
-0.406488
-0.397842
-0.392054
-0.385229
-0.378571
-0.364663
-0.350263
-0.336772
-0.320669
-0.300174
-0.277678
-0.251425
-0.219414
-0.182768
-0.141887
-0.093058
-0.041162
0.014954
0.076446
0.141112
0.209411
0.274729
0.331653
0.377347
0.413994
0.446182
0.475307
0.511275
0.532711
0.538947
0.545682
0.561994
0.574150
0.599145
0.632659
0.638006
0.602139
0.567503
0.542465
0.490224
0.423351
0.379055
0.341801
0.310751
0.259793
0.188544
0.129443
0.034729
-0.053093
-0.117990
-0.167743
-0.205034
-0.218863
-0.215278
-0.196777
-0.161174
-0.142566
-0.137068
-0.115665
-0.075659
-0.026580
-0.006852
0.019265
0.067799
0.116820
0.159322
0.201922
0.246565
0.266855
0.247331
0.214835
0.178575
0.136544
0.103853
0.066799
0.035229
0.006388
-0.012721
-0.023928
-0.032031
-0.028589
-0.027830
-0.030786
-0.030486
-0.015700
-0.008809
-0.021594
-0.072069
-0.119720
-0.166340
-0.191857
-0.201363
-0.204544
-0.220445
-0.221292
-0.221024
-0.210063
-0.191591
-0.183084
-0.184612
-0.179640
-0.171217
-0.142863
-0.106809
-0.064864
-0.025457
-0.003572
0.024443
0.014867
-0.023210
-0.063575
-0.100811
-0.123678
-0.143941
-0.160252
-0.171264
-0.167083
-0.159124
-0.147839
-0.133606
-0.110469
-0.083773
-0.082589
-0.084668
-0.078970
-0.065674
-0.059180
-0.067877
-0.089841
-0.109782
-0.127458
-0.136513
-0.137006
-0.131563
-0.112789
-0.084650
-0.052304
-0.010203
0.031518
0.074614
0.126356
0.180900
0.200581
0.199209
0.196480
0.176924
0.135560
0.105749
0.089329
0.094322
0.108003
0.123316
0.127649
0.125454
0.114327
0.097444
0.076923
0.061835
0.065144
0.081957
0.089810
0.101952
0.143974
0.195018
0.251442
0.307572
0.360221
0.363835
0.365397
0.332439
0.295462
0.250739
0.191721
0.123050
0.064517
0.011903
-0.031481
-0.068428
-0.092809
-0.107352
-0.119627
-0.120076
-0.114693
-0.147267
-0.197650
-0.235664
-0.267665
-0.289837
-0.298829
-0.296441
-0.289824
-0.327048
-0.379584
-0.424649
-0.456937
-0.479027
-0.485874
-0.473810
-0.442122
-0.400662
-0.381061
-0.376124
-0.353013
-0.315623
-0.268235
-0.212200
-0.146468
-0.074720
0.005347
0.101292
0.203836
0.320535
0.447420
0.581585
0.708025
0.788330
0.852171
0.921245
1.000220
1.062523
1.071557
1.007710
0.900042
0.792475
0.693901
0.598338
0.502291
0.415565
0.335722
0.257087
0.184640
0.124569
0.073143
0.029715
-0.021938
-0.076572
-0.126215
-0.165143
-0.199436
-0.230010
-0.261116
-0.291496
-0.314272
-0.333225
-0.349928
-0.362944
-0.374780
-0.380572
-0.384088
-0.387051
-0.385049
-0.381293
-0.374421
-0.365232
-0.354210
-0.341955
-0.324351
-0.305065
-0.281754
-0.256928
-0.231159
-0.199011
-0.166214
-0.130807
-0.098656
-0.069350
-0.040838
-0.011701
0.020632
0.049973
0.063572
0.066370
0.063660
0.054513
0.043419
0.028084
0.011173
-0.010370
-0.035219
-0.063440
-0.093112
-0.124795
-0.152046
-0.181251
-0.210164
-0.235596
-0.267786
-0.294833
-0.325681
-0.351667
-0.378818
-0.403384
-0.426489
-0.445745
-0.458797
-0.467098
-0.469713
-0.468703
-0.465800
-0.452741
-0.438223
-0.414370
-0.384784
-0.351552
-0.313028
-0.268377
-0.218305
-0.162857
-0.102507
-0.030955
0.048748
0.137654
0.231416
0.330952
0.434334
0.539616
0.633895
0.716229
0.795835
0.860448
0.908549
0.942139
0.945356
0.924027
0.898877
0.869629
0.845559
0.823264
0.793663
0.725101
0.651581
0.589595
0.542053
0.496339
0.458227
0.418529
0.325639
0.218092
0.108764
0.012799
-0.068667
-0.140430
-0.216591
-0.293008
-0.363962
-0.430056
-0.487049
-0.544027
-0.598860
-0.638824
-0.670237
-0.689761
-0.697781
-0.700942
-0.695631
-0.689823
-0.677000
-0.658551
-0.635107
-0.593251
-0.546537
-0.488712
-0.428468
-0.363850
-0.293394
-0.217557
-0.168397
-0.120043
-0.056095
0.013111
0.087240
0.145100
0.168653
0.158450
0.139988
0.107158
0.058450
0.010787
-0.030808
-0.074418
-0.112534
-0.140303
-0.161794
-0.175935
-0.173357
-0.157745
-0.138224
-0.109625
-0.065451
-0.006488
0.057417
0.114255
0.167695
0.215300
0.275845
0.314886
0.349348
0.388273
0.427542
0.469206
0.505516
0.542460
0.553367
0.540355
0.525852
0.518338
0.504872
0.495274
0.463988
0.447082
0.419895
0.385428
0.342658
0.294212
0.257585
0.210510
0.133034
0.055089
-0.018078
-0.075379
-0.126521
-0.174222
-0.212968
-0.231953
-0.226728
-0.208708
-0.175271
-0.145136
-0.121580
-0.109312
-0.091634
-0.070434
-0.043273
-0.041004
-0.047744
-0.048537
-0.048440
-0.074287
-0.103565
-0.115998
-0.104511
-0.105339
-0.110686
-0.111231
-0.119657
-0.143210
-0.160651
-0.173425
-0.177106
-0.171285
-0.158110
-0.137851
-0.117599
-0.086459
-0.041809
-0.005802
0.019600
0.043775
0.053814
0.042881
0.037044
0.020756
-0.005061
-0.044649
-0.093249
-0.157915
-0.225502
-0.279811
-0.315334
-0.331613
-0.332141
-0.313839
-0.296287
-0.277626
-0.246634
-0.218523
-0.176144
-0.131178
-0.075042
-0.005090
0.051661
0.109904
0.172712
0.215509
0.256119
0.307169
0.338517
0.355031
0.386161
0.414538
0.441378
0.468524
0.474251
0.464943
0.455017
0.428623
0.403285
0.349679
0.293409
0.249350
0.210665
0.160299
0.119789
0.097012
0.064001
0.015106
-0.041390
-0.083530
-0.111599
-0.124997
-0.141673
-0.160724
-0.169368
-0.182504
-0.210270
-0.258108
-0.320287
-0.368333
-0.406167
-0.430245
-0.451204
-0.457687
-0.446718
-0.415552
-0.380921
-0.348163
-0.310033
-0.258410
-0.197955
-0.129284
-0.052948
0.022629
0.099863
0.183880
0.272963
0.333405
0.354040
0.380864
0.420113
0.468375
0.503110
0.523983
0.511401
0.495188
0.474217
0.453847
0.409697
0.345806
0.288211
0.232588
0.179676
0.134528
0.094950
0.066733
0.045884
0.024587
0.004685
-0.014175
-0.022826
-0.022939
-0.043168
-0.080705
-0.115600
-0.141143
-0.165391
-0.188997
-0.208685
-0.224953
-0.235185
-0.241811
-0.244017
-0.240895
-0.233953
-0.227955
-0.222170
-0.220745
-0.218820
-0.215820
-0.207405
-0.195397
-0.183010
-0.171176
-0.159480
-0.145979
-0.127075
-0.115916
-0.102497
-0.092596
-0.081214
-0.072617
-0.061825
-0.053899
-0.039508
-0.020542
-0.001556
0.017262
0.019645
0.007406
-0.006872
-0.017864
-0.028769
-0.041407
-0.052389
-0.063347
-0.073267
-0.077733
-0.082458
-0.089806
-0.094411
-0.095764
-0.090785
-0.085745
-0.076983
-0.066324
-0.056539
-0.048316
-0.037707
-0.026273
-0.014540
-0.005282
0.009756
0.026886
0.047596
0.071349
0.090413
0.107563
0.123666
0.143656
0.168554
0.189354
0.203227
0.221075
0.243685
0.270198
0.297884
0.325977
0.324966
0.291145
0.254999
0.218953
0.186278
0.155890
0.126887
0.099157
0.074227
0.049022
0.022104
-0.001013
-0.022138
-0.040930
-0.059215
-0.076042
-0.089316
-0.098927
-0.105672
-0.111364
-0.117391
-0.124722
-0.130978
-0.137966
-0.137763
-0.136614
-0.135402
-0.136819
-0.141273
-0.142221
-0.140277
-0.135856
-0.128479
-0.118058
-0.103987
-0.087956
-0.075307
-0.062125
-0.052934
-0.045649
-0.037702
-0.027686
-0.014859
-0.002287
0.011210
0.024827
0.033854
0.045680
0.057923
0.069879
0.080988
0.088166
0.093746
0.094573
0.095464
0.094266
0.091595
0.083538
0.073274
0.059236
0.039600
0.022540
0.005161
-0.013182
-0.029483
-0.047436
-0.063830
-0.079985
-0.095037
-0.110458
-0.127316
-0.142076
-0.155667
-0.169130
-0.180783
-0.190792
-0.201149
-0.209320
-0.218243
-0.223202
-0.227071
-0.229152
-0.230510
-0.227403
-0.219407
-0.207308
-0.192164
-0.175857
-0.154292
-0.129858
-0.107271
-0.080686
-0.051166
-0.019607
0.015673
0.056450
0.098131
0.142247
0.180766
0.218250
0.252551
0.288215
0.326569
0.370495
0.415879
0.466723
0.497242
0.494290
0.481668
0.462367
0.434797
0.400013
0.364378
0.326786
0.291089
0.252590
0.210521
0.171721
0.133940
0.098806
0.061980
0.027594
-0.001863
-0.033417
-0.062989
-0.087468
-0.108918
-0.128844
-0.145198
-0.159200
-0.168714
-0.177444
-0.181979
-0.179443
-0.175007
-0.167842
-0.161056
-0.147036
-0.134420
-0.123092
-0.114557
-0.109618
-0.106004
-0.101352
-0.095548
-0.086758
-0.080548
-0.079739
-0.080694
-0.080878
-0.080162
-0.083067
-0.083612
-0.081503
-0.079306
-0.073897
-0.069836
-0.068299
-0.063603
-0.060403
-0.061153
-0.068523
-0.073214
-0.080070
-0.086512
-0.093279
-0.096463
-0.098563
-0.104437
-0.110940
-0.119982
-0.127220
-0.133387
-0.134955
-0.136784
-0.134236
-0.125820
-0.117101
-0.107343
-0.099155
-0.087969
-0.074931
-0.056908
-0.038771
-0.016382
0.012496
0.042052
0.069678
0.099005
0.132273
0.165033
0.194589
0.223544
0.253827
0.280633
0.300717
0.283052
0.233983
0.188722
0.141392
0.092901
0.047464
0.002709
-0.035428
-0.063652
-0.086410
-0.105327
-0.116713
-0.123878
-0.131397
-0.139560
-0.146419
-0.147395
-0.146299
-0.143078
-0.134100
-0.116326
-0.097564
-0.075203
-0.049130
-0.021840
0.013983
0.050729
0.089861
0.132770
0.174547
0.218068
0.235870
0.235760
0.232406
0.229049
0.231145
0.233975
0.243343
0.262358
0.285457
0.283362
0.264051
0.243204
0.214544
0.187824
0.161122
0.133796
0.109731
0.086654
0.062726
0.038156
0.015658
-0.004963
-0.026636
-0.045576
-0.060682
-0.071035
-0.079136
-0.079885
-0.079068
-0.078896
-0.077424
-0.080650
-0.082153
-0.084411
-0.083050
-0.083705
-0.086730
-0.089091
-0.088758
-0.085455
-0.080247
-0.075329
-0.069965
-0.061956
-0.053651
-0.048102
-0.042225
-0.041706
-0.045530
-0.053736
-0.063251
-0.071504
-0.077597
-0.080027
-0.077474
-0.079280
-0.080638
-0.079938
-0.081883
-0.079813
-0.079806
-0.080548
-0.086831
-0.096480
-0.104806
-0.109220
-0.111429
-0.112428
-0.112823
-0.117635
-0.121301
-0.124482
-0.128024
-0.131957
-0.132809
-0.130610
-0.125049
-0.117578
-0.109676
-0.099325
-0.088771
-0.076587
-0.068154
-0.055622
-0.036097
-0.010364
0.016845
0.046496
0.046797
0.033440
0.017123
-0.001040
-0.014461
-0.022006
-0.023378
-0.018685
-0.011936
0.000060
0.014608
0.031934
0.054972
0.080609
0.108565
0.145208
0.191181
0.238299
0.290243
0.346174
0.404648
0.465159
0.519088
0.534877
0.500349
0.461241
0.416190
0.365841
0.307415
0.250340
0.199806
0.150116
0.095033
0.035177
-0.020535
-0.071814
-0.114201
-0.149882
-0.183640
-0.213467
-0.240826
-0.263451
-0.286753
-0.306899
-0.323300
-0.332987
-0.333700
-0.334829
-0.331915
-0.328707
-0.323835
-0.323035
-0.322764
-0.321066
-0.316093
-0.308994
-0.302418
-0.290489
-0.276446
-0.260030
-0.241116
-0.218645
-0.187277
-0.149192
-0.108380
-0.061138
-0.008481
0.052571
0.119433
0.192171
0.266075
0.339857
0.399790
0.439581
0.480941
0.504960
0.510234
0.524498
0.535886
0.547082
0.557116
0.517655
0.453940
0.388455
0.327333
0.263154
0.205243
0.150932
0.103000
0.055263
0.004846
-0.043694
-0.087696
-0.126201
-0.159044
-0.187245
-0.214659
-0.240443
-0.261804
-0.280941
-0.295554
-0.307918
-0.319753
-0.329917
-0.338364
-0.342780
-0.343677
-0.342983
-0.343987
-0.338260
-0.330192
-0.318050
-0.302649
-0.282221
-0.259983
-0.231373
-0.198881
-0.165422
-0.127589
-0.087137
-0.042946
0.006521
0.061239
0.113980
0.160316
0.205544
0.253925
0.296123
0.297495
0.278258
0.254459
0.235027
0.215525
0.196337
0.175809
0.161710
0.148767
0.124733
0.101457
0.083921
0.073270
0.069735
0.074913
0.081264
0.089853
0.103007
0.124111
0.151459
0.183710
0.223936
0.270439
0.296192
0.294172
0.267980
0.231510
0.189151
0.149137
0.112727
0.078936
0.046448
0.016673
-0.009180
-0.033269
-0.053283
-0.067729
-0.080406
-0.096033
-0.107062
-0.117973
-0.130503
-0.139751
-0.141745
-0.139540
-0.132879
-0.117640
-0.103169
-0.090213
-0.079709
-0.068464
-0.063992
-0.061993
-0.062570
-0.068241
-0.077395
-0.086719
-0.096241
-0.103947
-0.110672
-0.112819
-0.110732
-0.105473
-0.098690
-0.091828
-0.082981
-0.079207
-0.074897
-0.070874
-0.065327
-0.061476
-0.053491
-0.045111
-0.037914
-0.036160
-0.034370
-0.031044
-0.031769
-0.031008
-0.030568
-0.033118
-0.036801
-0.045975
-0.052170
-0.059763
-0.066411
-0.074561
-0.081888
-0.083666
-0.083301
-0.083703
-0.085536
-0.080958
-0.073663
-0.070713
-0.065574
-0.057593
-0.049362
-0.045852
-0.045049
-0.045126
-0.044136
-0.040288
-0.035065
-0.028760
-0.020378
-0.006307
0.007882
0.025921
0.048142
0.068567
0.087493
0.099847
0.103568
0.107744
0.115699
0.112687
0.108656
0.112567
0.108081
0.077168
0.052216
0.031875
0.009165
-0.014601
-0.034306
-0.048410
-0.077482
-0.125193
-0.169143
-0.206179
-0.235716
-0.260662
-0.282264
-0.300925
-0.311743
-0.315707
-0.317634
-0.305845
-0.286393
-0.259274
-0.226678
-0.200086
-0.183749
-0.163992
-0.128709
-0.083569
-0.029293
0.021681
0.068971
0.104544
0.145556
0.198213
0.253408
0.315027
0.389274
0.465446
0.548185
0.611807
0.677562
0.747228
0.807442
0.818926
0.719223
0.603152
0.494292
0.384223
0.282862
0.184716
0.097495
0.018685
-0.048290
-0.099432
-0.141219
-0.171867
-0.194878
-0.216536
-0.236535
-0.243746
-0.246163
-0.240079
-0.218205
-0.182569
-0.132480
-0.068328
0.011444
0.099179
0.159479
0.207948
0.233249
0.239037
0.224875
0.200646
0.141478
0.063108
-0.008259
-0.073662
-0.136589
-0.196504
-0.251418
-0.306244
-0.349517
-0.377950
-0.397041
-0.403702
-0.401043
-0.391900
-0.375249
-0.355969
-0.324171
-0.277819
-0.222066
-0.176236
-0.125725
-0.091603
-0.057822
-0.029048
0.000881
0.030757
0.081999
0.127999
0.149183
0.160073
0.187348
0.213237
0.233214
0.263625
0.305414
0.337336
0.350944
0.373524
0.397604
0.414085
0.428534
0.416325
0.400620
0.387248
0.368673
0.336735
0.305850
0.277594
0.252761
0.229212
0.199353
0.173865
0.148906
0.110108
0.075481
0.047360
0.026561
0.016110
-0.001030
-0.030507
-0.069106
-0.094637
-0.115781
-0.129307
-0.146276
-0.188878
-0.229728
-0.260755
-0.285727
-0.305733
-0.324662
-0.344972
-0.362537
-0.372980
-0.381434
-0.388006
-0.390898
-0.396781
-0.397219
-0.394462
-0.388800
-0.384260
-0.384137
-0.377760
-0.367426
-0.351245
-0.324339
-0.292805
-0.262230
-0.224406
-0.182386
-0.138852
-0.102478
-0.064670
-0.018895
0.034927
0.086580
0.138091
0.185665
0.235485
0.268918
0.289326
0.300294
0.289830
0.260758
0.222808
0.179419
0.136853
0.089455
0.033946
-0.015154
-0.050594
-0.073887
-0.089774
-0.095411
-0.087558
-0.061643
-0.022654
0.020782
0.074452
0.111506
0.120640
0.125474
0.137974
0.124857
0.104354
0.088765
0.085169
0.078144
0.087362
0.083727
0.060078
0.025749
-0.000341
-0.019311
-0.048345
-0.073228
-0.088495
-0.099520
-0.109832
-0.126733
-0.149230
-0.156715
-0.152678
-0.136112
-0.108901
-0.068091
-0.018388
0.017796
0.028368
0.024820
-0.000726
-0.022275
-0.026041
-0.021475
0.000840
0.033717
0.077306
0.121151
0.140885
0.137710
0.129229
0.123297
0.132173
0.160084
0.198516
0.238528
0.286197
0.305179
0.278029
0.255894
0.239672
0.221809
0.206368
0.199133
0.180778
0.152586
0.129101
0.107612
0.113867
0.134949
0.144406
0.126972
0.098229
0.062540
0.038432
0.005736
-0.018440
-0.028977
-0.065558
-0.099866
-0.138778
-0.180078
-0.218845
-0.239644
-0.250875
-0.256653
-0.266029
-0.257576
-0.242037
-0.213988
-0.179264
-0.146316
-0.110500
-0.089024
-0.088627
-0.079036
-0.065104
-0.056519
-0.059135
-0.060766
-0.060930
-0.046569
-0.018914
0.016606
0.056784
0.096311
0.139976
0.180643
0.218019
0.251932
0.287458
0.303974
0.303688
0.309874
0.314161
0.312147
0.286410
0.283115
0.283441
0.283824
0.260158
0.233323
0.208122
0.195965
0.189604
0.152984
0.090461
0.031581
-0.028474
-0.082469
-0.131102
-0.184145
-0.233281
-0.284524
-0.330695
-0.360957
-0.385634
-0.405012
-0.419320
-0.423635
-0.414628
-0.388601
-0.357765
-0.322284
-0.282593
-0.257296
-0.269235
-0.275005
-0.270541
-0.259264
-0.236870
-0.213541
-0.188063
-0.161455
-0.130594
-0.082303
-0.028126
0.007308
0.020248
0.030754
0.009828
-0.005998
-0.025016
-0.035103
-0.038775
-0.039644
-0.032476
-0.017763
-0.022057
-0.019057
-0.019137
-0.028696
-0.044864
-0.057741
-0.075323
-0.108232
-0.126415
-0.129451
-0.131500
-0.124965
-0.114640
-0.114696
-0.115084
-0.115943
-0.104863
-0.089901
-0.060601
-0.043664
-0.025548
-0.003060
0.043870
0.089480
0.118641
0.147988
0.190077
0.226633
0.241287
0.238963
0.231843
0.222088
0.216645
0.214881
0.223107
0.217053
0.213846
0.202772
0.195979
0.210278
0.220989
0.211191
0.194912
0.167837
0.138977
0.129710
0.102560
0.080705
0.063613
0.057175
0.072201
0.097273
0.132918
0.189315
0.270086
0.347165
0.377813
0.393495
0.402787
0.412531
0.397389
0.386520
0.372832
0.365095
0.361580
0.368476
0.379108
0.395128
0.412768
0.414891
0.388490
0.334565
0.241938
0.136986
0.035252
-0.060895
-0.150814
-0.236705
-0.313465
-0.377855
-0.432881
-0.478354
-0.520519
-0.555825
-0.584683
-0.606640
-0.635054
-0.661965
-0.671880
-0.674307
-0.671783
-0.661054
-0.646452
-0.620503
-0.584690
-0.545712
-0.504960
-0.458510
-0.409249
-0.359928
-0.306734
-0.248189
-0.189841
-0.129670
-0.069644
-0.010886
0.050158
0.111583
0.168925
0.220482
0.268310
0.305035
0.337177
0.365809
0.396514
0.423588
0.451768
0.487705
0.526275
0.525657
0.485451
0.436464
0.348490
0.247878
0.157559
0.078131
0.017676
-0.030978
-0.061012
-0.067178
-0.066350
-0.053724
-0.028153
0.009151
0.053098
0.098246
0.106135
0.083784
0.072360
0.071135
0.075230
0.082891
0.100114
0.130273
0.166089
0.201590
0.245888
0.293449
0.328431
0.343219
0.347110
0.331778
0.304795
0.265880
0.229668
0.194602
0.162378
0.133675
0.107897
0.062915
0.014292
-0.035000
-0.082846
-0.129248
-0.170703
-0.205213
-0.235217
-0.257804
-0.280019
-0.303311
-0.320822
-0.331719
-0.336825
-0.332106
-0.335331
-0.342100
-0.344082
-0.347592
-0.347905
-0.340717
-0.334355
-0.323523
-0.309563
-0.298205
-0.297789
-0.306286
-0.315080
-0.316233
-0.314959
-0.313109
-0.305166
-0.295110
-0.283573
-0.270865
-0.253895
-0.232364
-0.208993
-0.179074
-0.145009
-0.109547
-0.074524
-0.040307
-0.008085
0.024603
0.059876
0.090865
0.104832
0.124550
0.137618
0.134275
0.133947
0.137254
0.132008
0.113144
0.093606
0.084091
0.081833
0.085558
0.097436
0.110509
0.125841
0.150763
0.183781
0.228829
0.277968
0.293222
0.293421
0.299954
0.312992
0.327324
0.346762
0.353957
0.360870
0.365935
0.347526
0.312910
0.290921
0.275896
0.265252
0.256657
0.262036
0.261298
0.237129
0.209674
0.190309
0.175360
0.154053
0.130046
0.097167
0.058220
0.013930
-0.027477
-0.065664
-0.107220
-0.150711
-0.192842
-0.231635
-0.255243
-0.272096
-0.282230
-0.284908
-0.273041
-0.250724
-0.213372
-0.168540
-0.116155
-0.063998
-0.018884
0.011402
0.042780
0.081814
0.121321
0.151477
0.171242
0.190002
0.205528
0.193806
0.162680
0.132225
0.102566
0.075400
0.046196
-0.004268
-0.057085
-0.105684
-0.148365
-0.189774
-0.228397
-0.258869
-0.281340
-0.295983
-0.305178
-0.305834
-0.296432
-0.279719
-0.261794
-0.238805
-0.212532
-0.185689
-0.157237
-0.121834
-0.080944
-0.031960
0.021008
0.075031
0.115883
0.136771
0.149041
0.167635
0.188297
0.199330
0.208835
0.218022
0.225825
0.211233
0.190777
0.164169
0.138615
0.120519
0.108960
0.107573
0.113193
0.123313
0.137093
0.131682
0.115802
0.091783
0.059127
0.028604
0.009077
-0.005035
-0.016214
-0.024674
-0.029364
-0.035016
-0.039216
-0.040072
-0.040351
-0.038799
-0.036280
-0.034377
-0.035453
-0.037146
-0.036556
-0.036638
-0.036134
-0.026308
-0.014424
-0.004848
0.004696
0.003866
-0.010464
-0.023167
-0.030808
-0.035987
-0.042117
-0.044054
-0.042421
-0.040677
-0.040095
-0.037430
-0.032388
-0.024335
-0.022585
-0.022509
-0.022871
-0.022834
-0.025601
-0.027999
-0.030488
-0.033953
-0.039455
-0.041175
-0.038714
-0.034641
-0.034449
-0.033901
-0.032578
-0.031974
-0.033100
-0.035408
-0.036380
-0.035709
-0.036491
-0.041920
-0.049129
-0.052968
-0.053108
-0.056775
-0.057952
-0.056884
-0.058476
-0.059895
-0.061000
-0.056884
-0.054591
-0.049856
-0.047295
-0.043140
-0.038141
-0.037183
-0.028782
-0.015703
-0.003504
0.005618
0.014068
0.022951
0.033090
0.041616
0.050912
0.061162
0.071774
0.083139
0.090678
0.090962
0.087825
0.083332
0.074703
0.067688
0.056150
0.044410
0.035183
0.024726
0.014398
0.008172
0.000066
-0.008138
-0.017745
-0.027914
-0.039896
-0.047260
-0.052115
-0.058971
-0.066002
-0.071396
-0.073123
-0.075227
-0.075858
-0.077824
-0.081684
-0.087415
-0.091402
-0.093707
-0.089201
-0.080319
-0.072927
-0.066688
-0.060172
-0.049808
-0.036651
-0.022059
-0.005704
0.014525
0.029759
0.046451
0.062390
0.076230
0.085449
0.093975
0.101986
0.106821
0.109923
0.111091
0.111207
0.105629
0.099216
0.092106
0.085846
0.077362
0.067720
0.058598
0.053807
0.051219
0.047064
0.043930
0.042945
0.039478
0.033270
0.024028
0.016957
0.014284
0.013069
0.008642
0.003749
-0.000474
-0.004716
-0.006781
-0.012479
-0.022624
-0.031713
-0.040992
-0.052816
-0.065209
-0.073282
-0.081653
-0.086904
-0.091631
-0.092451
-0.091897
-0.089257
-0.080575
-0.068885
-0.061049
-0.054420
-0.045494
-0.033991
-0.025311
-0.017012
-0.006992
0.001315
0.008958
0.015123
0.021513
0.028993
0.036155
0.044245
0.052684
0.058687
0.064444
0.068011
0.067190
0.065867
0.064719
0.066553
0.067973
0.067659
0.064777
0.059033
0.050214
0.040372
0.033593
0.030287
0.022097
0.011812
0.002914
-0.002264
-0.008973
-0.014150
-0.017672
-0.025059
-0.033084
-0.039130
-0.043333
-0.042723
-0.042456
-0.043858
-0.046763
-0.051900
-0.053322
-0.052870
-0.049575
-0.046093
-0.043171
-0.040320
-0.035579
-0.030693
-0.025898
-0.021859
-0.015988
-0.014606
-0.017663
-0.018708
-0.023250
-0.028259
-0.030792
-0.028874
-0.029210
-0.027853
-0.026556
-0.025457
-0.022918
-0.015359
-0.007597
0.000613
0.006183
0.012112
0.019281
0.024582
0.031116
0.035358
0.039239
0.041838
0.039943
0.037501
0.036042
0.030654
0.027861
0.025328
0.027579
0.032004
0.035503
0.039089
0.044567
0.046871
0.048828
0.050929
0.052698
0.053555
0.052735
0.050777
0.050086
0.054501
0.054824
0.053765
0.053885
0.050343
0.050174
0.045953
0.040881
0.031375
0.022461
0.013427
0.000155
-0.011398
-0.021061
-0.033753
-0.046745
-0.056370
-0.062183
-0.066471
-0.071130
-0.077555
-0.088284
-0.097992
-0.110604
-0.123653
-0.134107
-0.140057
-0.140599
-0.136882
-0.130001
-0.122009
-0.117803
-0.116747
-0.122076
-0.127200
-0.132777
-0.134917
-0.130361
-0.124290
-0.118733
-0.114484
-0.111532
-0.114210
-0.118764
-0.124796
-0.127311
-0.126257
-0.127047
-0.127474
-0.122550
-0.118415
-0.114159
-0.106906
-0.098331
-0.091290
-0.083010
-0.074122
-0.059565
-0.045230
-0.029597
-0.009439
0.010159
0.028848
0.052954
0.078183
0.105344
0.132468
0.165058
0.201710
0.237505
0.264252
0.253833
0.222562
0.160184
0.090578
0.022998
-0.034043
-0.079195
-0.110529
-0.131890
-0.141106
-0.142574
-0.138776
-0.127039
-0.109663
-0.077732
-0.034206
0.011441
0.056228
0.109949
0.175849
0.245700
0.288208
0.316302
0.351750
0.377468
0.384909
0.382317
0.384115
0.380637
0.360384
0.330728
0.302084
0.271595
0.249970
0.215436
0.186227
0.161289
0.124547
0.072523
0.015951
-0.052116
-0.119000
-0.180646
-0.230917
-0.274239
-0.316650
-0.356665
-0.392160
-0.414861
-0.425286
-0.423197
-0.420227
-0.421037
-0.439247
-0.452318
-0.450658
-0.440595
-0.439181
-0.445433
-0.432136
-0.411345
-0.385460
-0.354038
-0.310883
-0.247233
-0.172288
-0.091279
-0.016498
0.050157
0.128571
0.220850
0.319590
0.411437
0.488867
0.568014
0.663431
0.762982
0.856963
0.938753
0.956853
0.950970
0.901981
0.819403
0.742770
0.670888
0.611419
0.561424
0.512407
0.436806
0.361648
0.281988
0.199385
0.125339
0.060117
0.003861
-0.072912
-0.160934
-0.240281
-0.315725
-0.377270
-0.428524
-0.471784
-0.526108
-0.570500
-0.597715
-0.602182
-0.586114
-0.562031
-0.531122
-0.497808
-0.484609
-0.461181
-0.428594
-0.387600
-0.348777
-0.314143
-0.292125
-0.270520
-0.246531
-0.211206
-0.165916
-0.111357
-0.051739
0.001428
0.048525
0.089835
0.119412
0.120492
0.092645
0.055632
0.017668
-0.008141
-0.039076
-0.084545
-0.139269
-0.185255
-0.219298
-0.234737
-0.236613
-0.221442
-0.200466
-0.169039
-0.138530
-0.097729
-0.055794
-0.020766
0.009135
0.032600
0.052817
0.073885
0.094371
0.122832
0.155475
0.193133
0.243104
0.300775
0.349537
0.368427
0.366840
0.377681
0.400934
0.432666
0.451187
0.483876
0.495042
0.470718
0.424507
0.368527
0.314331
0.278671
0.246064
0.222295
0.192694
0.165751
0.155926
0.146781
0.117389
0.081931
0.043957
-0.002581
-0.036255
-0.073273
-0.099961
-0.149959
-0.198720
-0.242148
-0.291938
-0.335592
-0.360423
-0.366147
-0.357995
-0.337473
-0.321411
-0.308764
-0.282486
-0.245501
-0.200953
-0.148213
-0.084781
-0.012392
0.061627
0.147677
0.241435
0.314839
0.366440
0.395963
0.380920
0.323009
0.263452
0.196454
0.115666
0.047596
-0.002111
-0.032897
-0.078454
-0.120356
-0.159707
-0.189777
-0.206828
-0.217476
-0.218498
-0.237246
-0.246625
-0.244168
-0.222561
-0.195222
-0.155574
-0.098780
-0.056861
-0.018289
-0.033572
-0.077599
-0.115229
-0.144033
-0.171996
-0.189742
-0.198034
-0.187585
-0.160580
-0.122599
-0.074166
-0.018175
0.045153
0.115513
0.193705
0.276051
0.358867
0.436548
0.483069
0.523369
0.547032
0.575541
0.598775
0.596058
0.572467
0.525298
0.450821
0.368881
0.291316
0.200655
0.118921
0.048814
-0.013102
-0.066777
-0.121191
-0.171729
-0.206296
-0.233419
-0.248662
-0.267209
-0.291982
-0.307001
-0.327688
-0.344607
-0.354360
-0.356132
-0.352270
-0.357281
-0.353399
-0.344768
-0.337448
-0.322166
-0.303304
-0.279388
-0.280849
-0.296347
-0.302537
-0.298137
-0.281721
-0.258415
-0.229390
-0.196988
-0.154740
-0.106978
-0.050164
0.009765
0.074253
0.135019
0.200574
0.271115
0.339083
0.377920
0.382167
0.352157
0.293245
0.231976
0.172036
0.131068
0.093922
0.061116
0.035566
0.015403
-0.003753
-0.013017
-0.008907
-0.002661
0.015210
0.042647
0.080679
0.124069
0.123245
0.128145
0.136926
0.151844
0.165115
0.160172
0.135462
0.094960
0.065836
0.023582
-0.042648
-0.096420
-0.147807
-0.192455
-0.228452
-0.246316
-0.254915
-0.246444
-0.225608
-0.224453
-0.254178
-0.278566
-0.294514
-0.307042
-0.309131
-0.300503
-0.286250
-0.264096
-0.230870
-0.195834
-0.151691
-0.106225
-0.051746
0.008397
0.075549
0.142777
0.183561
0.226435
0.258819
0.289458
0.331788
0.359497
0.343635
0.340819
0.330086
0.303360
0.276241
0.252473
0.237112
0.234091
0.245099
0.262965
0.284300
0.299290
0.273287
0.235221
0.206689
0.189011
0.184818
0.184632
0.189182
0.193019
0.162233
0.117689
0.085719
0.062077
0.050191
0.048745
0.034494
0.009651
-0.002812
-0.010618
-0.023357
-0.033641
-0.044411
-0.043769
-0.063119
-0.085153
-0.096583
-0.097086
-0.101287
-0.130630
-0.174375
-0.226223
-0.277419
-0.327189
-0.371635
-0.420907
-0.463707
-0.494817
-0.517442
-0.537479
-0.544260
-0.542441
-0.537542
-0.532852
-0.522403
-0.504156
-0.473567
-0.430605
-0.382270
-0.328500
-0.283454
-0.246354
-0.205464
-0.161641
-0.116402
-0.064747
-0.009758
0.053278
0.122363
0.186722
0.253254
0.339820
0.426535
0.513680
0.596742
0.663462
0.697895
0.735595
0.770435
0.771465
0.752801
0.721137
0.690157
0.660632
0.603366
0.503582
0.401079
0.303576
0.209443
0.122553
0.040695
-0.033950
-0.102746
-0.172248
-0.235318
-0.297524
-0.354733
-0.398508
-0.429700
-0.451937
-0.466844
-0.475559
-0.480268
-0.480186
-0.475649
-0.460186
-0.437857
-0.406562
-0.375498
-0.335514
-0.291807
-0.241374
-0.180633
-0.120695
-0.063137
-0.029598
-0.005745
0.035132
0.076067
0.087605
0.083615
0.089301
0.100945
0.100626
0.083673
0.065858
0.053215
0.058010
0.064346
0.085778
0.107388
0.108911
0.124338
0.148841
0.174578
0.199759
0.205766
0.198769
0.207133
0.230132
0.247575
0.260232
0.240668
0.197600
0.143269
0.082779
0.031542
-0.008661
-0.045395
-0.078095
-0.102356
-0.115530
-0.111818
-0.092584
-0.064887
-0.022905
0.015936
0.050113
0.065305
0.082840
0.111024
0.137864
0.165417
0.168110
0.145535
0.129050
0.120405
0.121791
0.144044
0.182167
0.226272
0.274257
0.329401
0.375392
0.376396
0.339577
0.299624
0.260341
0.179017
0.093941
0.010566
-0.067946
-0.145094
-0.221497
-0.296074
-0.362163
-0.423134
-0.480000
-0.520777
-0.549734
-0.569442
-0.590355
-0.606755
-0.611877
-0.607364
-0.595843
-0.589400
-0.586533
-0.580520
-0.566509
-0.543185
-0.508330
-0.466879
-0.416409
-0.352317
-0.284955
-0.221426
-0.140874
-0.055323
0.025127
0.095720
0.156183
0.212253
0.262129
0.330268
0.419014
0.518274
0.619479
0.705737
0.766893
0.792689
0.812957
0.844127
0.858514
0.865247
0.859227
0.816547
0.764833
0.720580
0.687373
0.629744
0.573775
0.519944
0.470301
0.408982
0.349457
0.279756
0.203156
0.129158
0.062159
-0.000677
-0.057941
-0.108481
-0.153809
-0.193944
-0.230827
-0.264239
-0.290003
-0.312379
-0.333493
-0.350984
-0.363111
-0.372704
-0.380659
-0.388341
-0.394346
-0.390012
-0.384009
-0.376059
-0.370651
-0.366664
-0.358172
-0.344354
-0.323146
-0.290975
-0.256754
-0.219760
-0.201396
-0.184927
-0.174815
-0.168797
-0.162814
-0.153870
-0.143703
-0.128978
-0.115087
-0.096995
-0.082943
-0.072877
-0.070022
-0.084049
-0.105441
-0.123572
-0.139490
-0.157358
-0.174582
-0.189406
-0.204626
-0.214172
-0.218880
-0.222028
-0.221935
-0.220057
-0.215477
-0.207745
-0.195756
-0.180004
-0.160076
-0.141368
-0.115610
-0.087816
-0.054757
-0.016672
0.022850
0.065625
0.111768
0.162920
0.211156
0.262837
0.321749
0.384142
0.445437
0.508693
0.577901
0.645215
0.700392
0.721864
0.682532
0.634313
0.586302
0.530388
0.465582
0.373740
0.277184
0.188377
0.109407
0.034623
-0.039379
-0.108031
-0.167359
-0.213283
-0.251093
-0.280294
-0.310607
-0.331134
-0.340405
-0.340233
-0.325770
-0.299638
-0.271365
-0.245549
-0.220165
-0.193219
-0.164406
-0.136235
-0.104394
-0.075583
-0.059514
-0.041400
-0.023464
-0.008588
0.009863
0.022708
0.039379
0.058546
0.070474
0.072714
0.060261
0.042848
0.025261
0.007860
-0.002302
-0.004574
0.000266
0.006870
-0.000173
-0.007740
-0.002634
0.012781
0.017468
0.013859
0.000932
-0.019089
-0.035379
-0.050086
-0.062385
-0.079158
-0.091715
-0.097652
-0.096761
-0.092477
-0.085931
-0.080644
-0.070590
-0.047886
-0.022656
0.004097
0.023688
0.035926
0.039282
0.042103
0.048536
0.058440
0.044696
0.000875
-0.053159
-0.106935
-0.161335
-0.216489
-0.263520
-0.301697
-0.334202
-0.364947
-0.384085
-0.395579
-0.403318
-0.406115
-0.399551
-0.385643
-0.367156
-0.337232
-0.295728
-0.247516
-0.196274
-0.141385
-0.079033
-0.007697
0.061476
0.119526
0.170944
0.232393
0.305394
0.383650
0.467524
0.554246
0.624475
0.661973
0.669414
0.654571
0.624636
0.589397
0.561496
0.543559
0.550512
0.576507
0.600659
0.608910
0.611272
0.567488
0.503160
0.454703
0.395760
0.343693
0.262372
0.162042
0.063044
-0.029146
-0.114029
-0.187095
-0.240647
-0.272701
-0.296392
-0.307704
-0.319824
-0.339468
-0.369132
-0.398621
-0.417703
-0.428949
-0.431083
-0.436142
-0.442140
-0.456937
-0.463367
-0.464585
-0.454166
-0.427039
-0.393956
-0.347051
-0.295139
-0.246627
-0.190785
-0.129492
-0.075015
-0.049701
-0.027073
-0.006744
0.017493
0.037608
0.057007
0.078744
0.106464
0.141247
0.181707
0.217897
0.242357
0.229380
0.183541
0.121981
0.064112
0.018370
-0.024164
-0.054622
-0.077357
-0.091276
-0.093505
-0.083102
-0.060856
-0.033912
0.004429
0.054723
0.107831
0.150315
0.193273
0.230782
0.268170
0.271495
0.266044
0.268666
0.250776
0.213030
0.173595
0.149300
0.130020
0.111248
0.103617
0.104487
0.112849
0.111708
0.118582
0.130077
0.148447
0.151987
0.126792
0.091562
0.064950
0.051211
0.044191
0.039027
0.035755
0.016671
-0.003511
-0.022037
-0.044138
-0.064385
-0.081014
-0.087701
-0.097786
-0.101992
-0.099258
-0.093285
-0.089126
-0.077779
-0.066355
-0.082050
-0.104022
-0.118816
-0.132688
-0.153672
-0.175702
-0.195460
-0.221899
-0.246629
-0.277743
-0.313890
-0.355874
-0.392157
-0.421169
-0.450451
-0.473633
-0.494463
-0.507797
-0.513532
-0.518292
-0.513695
-0.497789
-0.464944
-0.430112
-0.385016
-0.325985
-0.261290
-0.186951
-0.110419
-0.026774
0.058830
0.152614
0.248319
0.340995
0.415711
0.481264
0.532956
0.554863
0.577299
0.610392
0.649518
0.693795
0.729802
0.721485
0.689593
0.668431
0.649326
0.609134
0.512476
0.418743
0.356458
0.298099
0.238465
0.188105
0.136636
0.081502
0.034713
0.002216
-0.011802
-0.019671
-0.056208
-0.109354
-0.146043
-0.170849
-0.185456
-0.196259
-0.210533
-0.220176
-0.218465
-0.213040
-0.198022
-0.171610
-0.139033
-0.106673
-0.079873
-0.040964
-0.000398
0.047732
0.092066
0.147640
0.190508
0.231617
0.256552
0.240668
0.187914
0.138223
0.091180
0.043577
0.004222
-0.022992
-0.045767
-0.062324
-0.075360
-0.100535
-0.136753
-0.172258
-0.222745
-0.277992
-0.321677
-0.358565
-0.383799
-0.403347
-0.416841
-0.432551
-0.444058
-0.443929
-0.433029
-0.412455
-0.391294
-0.364484
-0.332243
-0.293121
-0.246157
-0.199749
-0.146968
-0.090938
-0.031432
0.030345
0.078457
0.113713
0.147900
0.185578
0.225122
0.260835
0.287913
0.308647
0.311777
0.312223
0.321742
0.312184
0.282177
0.264761
0.250356
0.243505
0.235502
0.228933
0.231363
0.219810
0.186970
0.143167
0.107528
0.082020
0.062599
0.047398
0.044958
0.055568
0.074065
0.104092
0.140651
0.153373
0.138845
0.134120
0.128653
0.080516
0.024085
-0.023974
-0.068054
-0.107982
-0.138432
-0.166126
-0.200184
-0.229738
-0.248845
-0.265067
-0.273594
-0.280626
-0.275419
-0.267921
-0.260330
-0.250148
-0.228329
-0.207499
-0.200808
-0.215066
-0.251881
-0.272338
-0.276811
-0.277983
-0.287586
-0.294357
-0.297889
-0.290691
-0.276788
-0.256132
-0.235383
-0.212362
-0.186499
-0.152851
-0.106959
-0.051765
0.010590
0.073373
0.140873
0.216664
0.266194
0.304889
0.354565
0.393495
0.393923
0.353446
0.308454
0.279428
0.261940
0.219015
0.162381
0.117924
0.085393
0.067143
0.068388
0.080392
0.076971
0.063490
0.062036
0.075682
0.090855
0.112557
0.129166
0.154577
0.178891
0.182976
0.162592
0.145208
0.128604
0.113023
0.091231
0.071936
0.054958
0.037249
0.015678
-0.014074
-0.058202
-0.095269
-0.122312
-0.138196
-0.154290
-0.163291
-0.169844
-0.169749
-0.167496
-0.183678
-0.197076
-0.199906
-0.188666
-0.180328
-0.180274
-0.159685
-0.129181
-0.100449
-0.063590
-0.014966
0.052039
0.120590
0.196170
0.248294
0.272746
0.255112
0.215452
0.174290
0.123727
0.075327
0.041249
0.008342
-0.019800
-0.041288
-0.057036
-0.069210
-0.063112
-0.054028
-0.062526
-0.067519
-0.090129
-0.108595
-0.102328
-0.095377
-0.092444
-0.101083
-0.098778
-0.081793
-0.045432
-0.006050
0.044729
0.109755
0.180163
0.237210
0.283378
0.301265
0.296536
0.289832
0.267511
0.224182
0.167964
0.106344
0.045922
-0.014251
-0.062841
-0.104412
-0.142124
-0.156380
-0.157210
-0.140570
-0.107912
-0.057768
-0.025435
-0.005917
0.024508
0.058585
0.079569
0.088017
0.065240
0.034482
0.020109
0.015774
0.027873
0.032754
0.003476
-0.054520
-0.106704
-0.154868
-0.190086
-0.209400
-0.215773
-0.211433
-0.199272
-0.189998
-0.176290
-0.155548
-0.130632
-0.098276
-0.058877
-0.014345
0.028016
0.082479
0.114847
0.126985
0.137405
0.141600
0.139341
0.138246
0.113480
0.097275
0.071955
0.029251
-0.030315
-0.090375
-0.160176
-0.230918
-0.281488
-0.320077
-0.354866
-0.379637
-0.386999
-0.386367
-0.368149
-0.344510
-0.314742
-0.274175
-0.227196
-0.165490
-0.107746
-0.049510
0.018182
0.062210
0.088135
0.117617
0.160146
0.186533
0.206713
0.206351
0.216697
0.213312
0.189521
0.177098
0.194793
0.208965
0.234098
0.243926
0.269314
0.303858
0.350936
0.388668
0.392130
0.383720
0.369656
0.334876
0.313911
0.307401
0.285746
0.252158
0.218706
0.152938
0.080534
0.029351
-0.005936
-0.020227
-0.024626
-0.012750
0.008887
0.023390
0.018196
0.032675
0.047963
0.058728
0.075650
0.087707
0.079156
0.084426
0.086407
0.102410
0.125971
0.160177
0.169737
0.149446
0.112717
0.089758
0.066434
0.055825
0.046773
0.032959
0.020611
0.021775
0.017721
0.013566
0.003008
-0.017921
-0.079594
-0.138902
-0.184629
-0.215720
-0.224667
-0.213636
-0.195525
-0.171868
-0.138390
-0.098271
-0.103892
-0.108717
-0.111936
-0.113318
-0.114859
-0.109100
-0.094795
-0.082550
-0.064751
-0.045843
-0.021373
0.006390
0.038177
0.077619
0.120103
0.161197
0.184450
0.176255
0.149725
0.129863
0.124546
0.115623
0.107040
0.105375
0.102749
0.085604
0.069927
0.050521
0.034009
0.019637
0.010490
-0.002305
-0.013255
-0.020318
-0.035045
-0.058234
-0.091540
-0.124033
-0.151120
-0.181712
-0.216491
-0.251825
-0.284817
-0.312435
-0.333263
-0.346357
-0.362298
-0.377019
-0.380873
-0.383821
-0.376987
-0.353442
-0.333428
-0.315285
-0.292156
-0.257045
-0.228513
-0.201748
-0.182530
-0.169558
-0.161462
-0.155057
-0.150496
-0.153038
-0.145324
-0.153079
-0.166243
-0.180017
-0.193966
-0.203266
-0.204771
-0.210182
-0.215858
-0.221384
-0.218498
-0.206027
-0.191070
-0.166357
-0.137472
-0.099119
-0.057486
-0.004242
0.052748
0.113187
0.157129
0.169533
0.178716
0.194287
0.231995
0.252523
0.237977
0.232982
0.218451
0.199765
0.199390
0.207491
0.224784
0.242416
0.261439
0.261095
0.249488
0.236666
0.212820
0.175306
0.156241
0.151134
0.165151
0.188046
0.195796
0.210605
0.244298
0.288848
0.327737
0.345525
0.342185
0.308101
0.253841
0.208900
0.149974
0.106990
0.081761
0.037631
-0.020791
-0.063168
-0.084595
-0.105222
-0.130759
-0.149298
-0.169669
-0.183836
-0.220136
-0.252058
-0.256335
-0.239201
-0.196568
-0.156969
-0.146817
-0.112179
-0.069867
-0.037210
-0.025389
-0.018117
0.003222
0.033748
0.061168
0.075418
0.050768
0.027955
0.031206
0.030775
0.014028
0.001587
-0.025083
-0.031681
-0.018270
0.012537
0.057910
0.095686
0.133345
0.189160
0.239962
0.261727
0.277722
0.254904
0.216135
0.162278
0.091722
0.032865
-0.011505
-0.040881
-0.060585
-0.069582
-0.062309
-0.054050
-0.065256
-0.054775
-0.050401
-0.046954
-0.040884
-0.031367
-0.047711
-0.068172
-0.067184
-0.042100
-0.011569
0.015855
0.039570
0.053670
0.064191
0.060827
0.056190
0.041619
0.041842
0.049837
0.067819
0.073986
0.041290
0.005845
-0.007875
-0.014325
0.006966
0.010727
-0.009183
-0.002899
0.005044
0.017543
0.040511
0.074133
0.085363
0.075763
0.060722
0.055395
0.042132
0.015443
-0.014655
-0.037097
-0.052706
-0.071043
-0.109004
-0.133285
-0.150141
-0.159019
-0.155747
-0.145077
-0.124960
-0.101487
-0.065270
-0.020340
0.019395
0.057916
0.074092
0.091924
0.133006
0.160272
0.166446
0.159364
0.136848
0.079710
0.032262
-0.005584
-0.032080
-0.044094
-0.039497
-0.028562
-0.003793
0.013718
0.001464
-0.014083
-0.014440
0.005285
0.029944
0.026414
0.003268
-0.019904
-0.040899
-0.058166
-0.070565
-0.079503
-0.077353
-0.066736
-0.047935
-0.014713
0.030627
0.061877
0.071572
0.073335
0.040366
-0.005274
-0.038258
-0.056565
-0.069174
-0.066812
-0.058312
-0.044151
-0.024432
-0.009697
0.003084
0.031174
0.063516
0.070080
0.066012
0.047501
-0.002383
-0.061626
-0.122945
-0.165543
-0.206243
-0.242266
-0.267953
-0.292169
-0.299058
-0.291677
-0.262719
-0.231114
-0.193054
-0.153169
-0.125507
-0.114499
-0.094636
-0.068667
-0.033569
0.012412
0.059111
0.101448
0.117511
0.109341
0.105167
0.111353
0.126658
0.125080
0.076432
0.030053
-0.000870
-0.030383
-0.055956
-0.089577
-0.126522
-0.146922
-0.144523
-0.138918
-0.143849
-0.142854
-0.136080
-0.117288
-0.081009
-0.063170
-0.045239
-0.012512
0.011879
0.024754
0.043421
0.067479
0.094444
0.119512
0.142846
0.163035
0.160533
0.141870
0.143697
0.141624
0.142799
0.144068
0.165376
0.179216
0.206782
0.237943
0.234722
0.242755
0.221399
0.179401
0.160087
0.154930
0.157681
0.156624
0.141618
0.133023
0.145293
0.169767
0.195228
0.194539
0.182075
0.178755
0.169314
0.157696
0.133391
0.083667
0.018847
-0.028194
-0.060978
-0.088206
-0.104359
-0.107258
-0.088990
-0.053336
-0.002761
0.062554
0.121537
0.143715
0.130637
0.108982
0.075873
0.032424
-0.027843
-0.093942
-0.139090
-0.189614
-0.237525
-0.278940
-0.301209
-0.303549
-0.306143
-0.297240
-0.275518
-0.251688
-0.221771
-0.204276
-0.181193
-0.161716
-0.153905
-0.139796
-0.115879
-0.095181
-0.104702
-0.124655
-0.158691
-0.185701
-0.190137
-0.195802
-0.200581
-0.206951
-0.191399
-0.165200
-0.121184
-0.068456
-0.010035
0.048857
0.051718
0.028394
0.016281
0.006764
-0.003886
-0.014462
-0.021649
-0.015479
-0.008363
0.003419
0.025713
0.054452
0.068925
0.054272
0.048015
0.051249
0.041576
0.032315
0.035421
0.039608
0.060203
0.093860
0.134283
0.169416
0.182391
0.165057
0.147731
0.119351
0.108423
0.099115
0.094620
0.103001
0.126008
0.160596
0.184814
0.183873
0.160590
0.144022
0.092702
0.061259
0.047717
0.050351
0.061735
0.057679
0.061404
0.074940
0.093353
0.130585
0.183982
0.235599
0.261736
0.287950
0.315222
0.327766
0.305667
0.288514
0.276547
0.276266
0.278070
0.259560
0.215785
0.177769
0.137333
0.103019
0.080563
0.071493
0.075169
0.083810
0.093134
0.060907
0.017707
-0.019751
-0.065349
-0.122189
-0.173271
-0.216536
-0.249454
-0.277018
-0.296123
-0.318718
-0.339093
-0.353150
-0.351910
-0.360903
-0.379391
-0.409341
-0.430300
-0.450147
-0.451304
-0.451380
-0.456981
-0.453533
-0.446914
-0.435245
-0.421647
-0.397860
-0.365738
-0.315576
-0.263558
-0.209325
-0.164991
-0.136787
-0.102011
-0.054266
-0.008646
0.033516
0.070976
0.093182
0.077664
0.053575
0.040002
0.029195
0.022365
0.032963
0.046766
0.054706
0.068045
0.093179
0.106850
0.103522
0.103358
0.105268
0.128792
0.164850
0.211289
0.260076
0.314799
0.370590
0.435572
0.486872
0.509667
0.532577
0.562657
0.577358
0.604581
0.622403
0.615440
0.584954
0.552085
0.481468
0.400759
0.324919
0.255198
0.193664
0.143833
0.087850
0.026800
-0.040035
-0.134146
-0.229931
-0.310245
-0.375661
-0.430439
-0.483007
-0.527912
-0.562983
-0.591456
-0.616318
-0.630814
-0.631759
-0.615206
-0.584149
-0.537447
-0.481342
-0.418109
-0.354645
-0.282513
-0.219970
-0.176753
-0.171786
-0.179767
-0.180822
-0.171183
-0.160645
-0.139706
-0.125068
-0.106270
-0.074496
-0.029491
0.023971
0.086178
0.152753
0.214252
0.290528
0.380672
0.477182
0.557708
0.582165
0.544239
0.504849
0.460737
0.411935
0.352750
0.299211
0.248988
0.203497
0.172336
0.145977
0.113167
0.094127
0.074161
0.058941
0.050788
0.030378
-0.022121
-0.084383
-0.138906
-0.176857
-0.236025
-0.279836
-0.321314
-0.348609
-0.365406
-0.364295
-0.353538
-0.323335
-0.279962
-0.225540
-0.182056
-0.138368
-0.098610
-0.078004
-0.047318
-0.009836
0.033095
0.079413
0.139602
0.208202
0.283450
0.347030
0.389420
0.438116
0.463093
0.482696
0.480552
0.503672
0.501545
0.448400
0.373084
0.293800
0.226247
0.168152
0.113286
0.045818
-0.041535
-0.112029
-0.167371
-0.212929
-0.257520
-0.291587
-0.328393
-0.355822
-0.374089
-0.382915
-0.389428
-0.380355
-0.350398
-0.309830
-0.267640
-0.240459
-0.231671
-0.247771
-0.264103
-0.291417
-0.319478
-0.342308
-0.368757
-0.386087
-0.389964
-0.381204
-0.366597
-0.337215
-0.290838
-0.231804
-0.163699
-0.097734
-0.038982
0.024687
0.088816
0.150134
0.199145
0.236548
0.271482
0.307692
0.341177
0.366498
0.384172
0.405950
0.430899
0.468394
0.494166
0.489428
0.454257
0.413263
0.356983
0.324139
0.309452
0.313949
0.319609
0.321250
0.291298
0.255020
0.231953
0.223986
0.196337
0.154610
0.145797
0.140180
0.123624
0.100725
0.085251
0.088418
0.096780
0.101814
0.112638
0.133294
0.136527
0.134024
0.145789
0.158746
0.143251
0.107071
0.052781
-0.005003
-0.068548
-0.123573
-0.175103
-0.216523
-0.256013
-0.282969
-0.298778
-0.306584
-0.314500
-0.336421
-0.372606
-0.422070
-0.467057
-0.502341
-0.525185
-0.544147
-0.557847
-0.573370
-0.570531
-0.557087
-0.543952
-0.523225
-0.492231
-0.459625
-0.421065
-0.375701
-0.330414
-0.279118
-0.224657
-0.166516
-0.109684
-0.031349
0.044373
0.115233
0.177209
0.237273
0.286886
0.325257
0.350324
0.369965
0.409256
0.447351
0.463723
0.482403
0.492600
0.487204
0.474408
0.447763
0.408462
0.354849
0.303242
0.252849
0.196567
0.136613
0.058038
-0.026945
-0.104317
-0.170525
-0.228762
-0.268003
-0.300586
-0.320429
-0.298507
-0.257371
-0.187691
-0.115735
-0.048593
0.009830
0.071339
0.110420
0.124775
0.156535
0.200999
0.253248
0.286398
0.317297
0.343548
0.352900
0.326329
0.318418
0.319346
0.312809
0.300089
0.256256
0.207467
0.157678
0.080776
-0.000078
-0.067398
-0.122942
-0.169304
-0.203821
-0.232111
-0.257346
-0.272353
-0.288642
-0.297953
-0.308907
-0.312570
-0.310026
-0.290178
-0.253953
-0.212274
-0.161784
-0.106551
-0.074439
-0.056747
-0.065226
-0.055845
-0.049500
-0.052583
-0.059199
-0.078179
-0.087327
-0.082698
-0.072740
-0.061290
-0.037943
-0.014329
0.016455
0.060324
0.103341
0.121772
0.140432
0.173261
0.212145
0.240704
0.258052
0.240494
0.216446
0.173894
0.124099
0.073951
0.037181
0.006345
-0.028650
-0.065777
-0.108133
-0.138375
-0.168525
-0.179572
-0.185418
-0.175597
-0.155950
-0.171774
-0.184634
-0.174511
-0.153579
-0.132239
-0.099453
-0.051256
0.005857
0.066879
0.119962
0.149275
0.156558
0.170708
0.194013
0.215602
0.240395
0.223177
0.200276
0.180824
0.172789
0.181241
0.176353
0.140064
0.108572
0.080680
0.058492
0.049506
0.032768
0.018059
-0.006353
-0.046397
-0.090178
-0.129132
-0.155277
-0.173771
-0.193889
-0.201398
-0.196867
-0.178872
-0.161469
-0.158841
-0.154639
-0.155185
-0.143986
-0.130790
-0.127270
-0.123381
-0.114751
-0.109910
-0.103799
-0.089344
-0.061878
-0.033751
-0.000670
0.035770
0.076669
0.101810
0.113896
0.135390
0.143206
0.152961
0.153194
0.127426
0.086984
0.039881
-0.020325
-0.070350
-0.105546
-0.124672
-0.141515
-0.162191
-0.184839
-0.204370
-0.216333
-0.201283
-0.175984
-0.146789
-0.132279
-0.146249
-0.169618
-0.180390
-0.201429
-0.210141
-0.213784
-0.207589
-0.222810
-0.246771
-0.260852
-0.273018
-0.283687
-0.306393
-0.318033
-0.308412
-0.288328
-0.253460
-0.205614
-0.158436
-0.123764
-0.110286
-0.096164
-0.069966
-0.029128
0.025673
0.096411
0.177403
0.275394
0.363945
0.452457
0.539225
0.629177
0.727422
0.833266
0.942386
1.026575
1.031678
0.927305
0.822155
0.728208
0.640427
0.552692
0.489871
0.423680
0.368760
0.322429
0.279007
0.231328
0.186454
0.138250
0.098959
0.059079
0.024729
-0.019660
-0.063762
-0.098954
-0.130718
-0.164675
-0.198108
-0.238133
-0.295800
-0.348466
-0.393500
-0.424176
-0.440467
-0.443702
-0.438782
-0.426271
-0.408109
-0.380587
-0.349428
-0.310079
-0.258837
-0.199572
-0.132139
-0.064516
-0.019499
0.008561
0.043589
0.082646
0.117948
0.148117
0.167039
0.193307
0.227718
0.260093
0.282193
0.303629
0.324613
0.344571
0.317953
0.262387
0.213676
0.172792
0.144360
0.125091
0.111528
0.098055
0.084082
0.074551
0.067328
0.052496
0.024569
-0.005691
-0.028491
-0.050267
-0.071757
-0.092294
-0.116642
-0.136451
-0.159634
-0.177968
-0.192994
-0.206887
-0.219289
-0.227128
-0.228823
-0.235301
-0.241697
-0.242070
-0.233958
-0.224931
-0.214176
-0.204404
-0.192580
-0.181325
-0.177125
-0.167947
-0.156031
-0.144504
-0.132511
-0.119957
-0.107928
-0.094924
-0.082675
-0.070861
-0.055823
-0.040073
-0.021208
-0.001283
0.017539
0.028960
0.033663
0.034446
0.034989
0.040521
0.041605
0.042114
0.042508
0.041437
0.039262
0.039593
0.040868
0.041832
0.041040
0.037975
0.033965
0.026660
0.022568
0.018651
0.011781
0.001804
-0.006992
-0.013197
-0.018256
-0.016691
-0.016388
-0.019394
-0.019582
-0.019085
-0.018691
-0.015720
-0.013852
-0.012162
-0.008894
-0.004471
0.001549
0.007437
0.014038
0.019827
0.024187
0.025246
0.023616
0.018959
0.018071
0.015190
0.011929
0.005437
0.000274
-0.002245
-0.001126
-0.001026
-0.001156
-0.001933
-0.003143
-0.004089
-0.002125
-0.003387
-0.004408
-0.005959
-0.008364
-0.010370
-0.010945
-0.013865
-0.014181
-0.011786
-0.010802
-0.007371
-0.004718
-0.003141
-0.002758
-0.003490
-0.006986
-0.011712
-0.020366
-0.026303
-0.027369
-0.030831
-0.034472
-0.034969
-0.033866
-0.032751
-0.031272
-0.030366
-0.023367
-0.013271
-0.003386
0.007432
0.017333
0.023674
0.031389
0.037883
0.040135
0.040982
0.041912
0.044222
0.046331
0.047699
0.044553
0.042645
0.042447
0.040080
0.034194
0.026447
0.016578
0.008406
0.001742
-0.002617
-0.005270
-0.005747
-0.007184
-0.005176
-0.000877
0.003635
0.005828
0.006555
0.005207
0.001770
0.000832
0.000832
-0.000846
0.000614
0.004630
0.005110
0.005963
0.007337
0.006944
0.008995
0.012795
0.016751
0.020836
0.022329
0.021773
0.019671
0.020774
0.023592
0.024755
0.024981
0.021673
0.014665
0.002384
-0.010431
-0.021839
-0.029017
-0.034297
-0.039261
-0.044479
-0.048538
-0.051280
-0.058211
-0.065826
-0.073929
-0.075440
-0.073783
-0.072197
-0.066902
-0.058794
-0.053075
-0.045669
-0.042598
-0.039016
-0.035090
-0.032509
-0.028112
-0.025137
-0.024268
-0.022302
-0.019921
-0.021553
-0.024894
-0.024805
-0.025514
-0.027082
-0.032412
-0.036292
-0.039207
-0.037327
-0.033921
-0.030251
-0.026536
-0.025327
-0.022103
-0.018711
-0.016313
-0.007280
0.003484
0.014499
0.027909
0.043322
0.058215
0.073498
0.084258
0.095005
0.107433
0.123351
0.144272
0.164503
0.184503
0.204184
0.197630
0.167620
0.133923
0.104060
0.082893
0.064110
0.044380
0.030937
0.022917
0.015131
0.010670
0.005121
-0.001073
-0.005687
-0.006170
-0.003003
-0.002431
-0.000627
0.000586
0.000212
-0.001876
-0.006582
-0.011220
-0.014644
-0.018310
-0.023539
-0.032261
-0.040113
-0.051854
-0.058955
-0.062758
-0.067578
-0.075063
-0.078589
-0.078949
-0.080401
-0.080131
-0.082303
-0.081495
-0.079436
-0.075540
-0.067933
-0.060230
-0.055389
-0.049207
-0.039039
-0.023385
-0.007778
0.007561
0.021516
0.034188
0.041888
0.046947
0.056719
0.067131
0.076545
0.084872
0.093584
0.100385
0.105301
0.103604
0.098540
0.093136
0.089907
0.085896
0.078810
0.067275
0.057576
0.044246
0.030307
0.015714
-0.002768
-0.023813
-0.049519
-0.072892
-0.090141
-0.105090
-0.121342
-0.134856
-0.147797
-0.159657
-0.169641
-0.181334
-0.193739
-0.203041
-0.214346
-0.225163
-0.232860
-0.239465
-0.243461
-0.242211
-0.237838
-0.236945
-0.233965
-0.231057
-0.221485
-0.208913
-0.197817
-0.183257
-0.167063
-0.147462
-0.129841
-0.103722
-0.073314
-0.038470
0.000785
0.043768
0.089522
0.136604
0.187399
0.241935
0.277348
0.299236
0.328490
0.347477
0.345363
0.328703
0.320972
0.323159
0.336885
0.356949
0.370937
0.358709
0.315126
0.269933
0.223603
0.184596
0.147611
0.120949
0.094623
0.070506
0.049454
0.014717
-0.030825
-0.079751
-0.121603
-0.154586
-0.181028
-0.201488
-0.217612
-0.224681
-0.225476
-0.221055
-0.208915
-0.190916
-0.169235
-0.150779
-0.124322
-0.100526
-0.098895
-0.102176
-0.097535
-0.085127
-0.075732
-0.064292
-0.057006
-0.053216
-0.051533
-0.049514
-0.038672
-0.034730
-0.039747
-0.041813
-0.041333
-0.033724
-0.020151
-0.003669
0.013435
0.018950
0.032646
0.026463
-0.002862
-0.026902
-0.042348
-0.051912
-0.052492
-0.046404
-0.029827
-0.002477
0.038469
0.097039
0.159189
0.181213
0.163622
0.139305
0.123667
0.105592
0.098110
0.101705
0.115442
0.131217
0.157522
0.189252
0.228455
0.276244
0.328224
0.386353
0.451991
0.495899
0.506608
0.492620
0.457376
0.425624
0.395002
0.360333
0.326183
0.296147
0.236441
0.167098
0.104152
0.049353
0.000392
-0.047705
-0.091547
-0.132867
-0.171232
-0.203607
-0.228899
-0.249449
-0.266016
-0.276219
-0.280862
-0.278202
-0.274144
-0.269251
-0.258392
-0.245997
-0.229090
-0.213739
-0.197519
-0.178650
-0.162882
-0.144901
-0.128728
-0.116797
-0.108229
-0.099916
-0.091029
-0.081406
-0.073214
-0.065473
-0.058739
-0.053697
-0.047241
-0.043937
-0.041869
-0.038809
-0.035714
-0.033507
-0.028081
-0.029469
-0.036251
-0.042586
-0.049970
-0.054874
-0.059429
-0.064859
-0.072327
-0.076766
-0.078856
-0.082363
-0.087288
-0.091770
-0.101221
-0.108924
-0.113975
-0.118697
-0.123441
-0.133173
-0.137639
-0.141070
-0.144352
-0.151328
-0.158576
-0.165120
-0.166158
-0.165948
-0.167363
-0.168404
-0.164328
-0.158882
-0.154797
-0.151643
-0.146287
-0.141725
-0.148772
-0.160107
-0.164879
-0.164921
-0.159814
-0.148596
-0.136716
-0.119342
-0.097588
-0.071458
-0.043665
-0.016526
0.000190
0.014192
0.035076
0.064583
0.105575
0.146927
0.175518
0.198998
0.215172
0.219099
0.219782
0.216609
0.205181
0.191027
0.188476
0.196192
0.199390
0.210858
0.231881
0.253294
0.254237
0.238478
0.238851
0.248182
0.240503
0.225843
0.209779
0.190205
0.184492
0.181152
0.179778
0.187639
0.206272
0.224709
0.228933
0.231097
0.227927
0.200902
0.168495
0.133221
0.080119
0.019815
-0.020486
-0.052561
-0.073121
-0.079260
-0.080559
-0.069408
-0.053324
-0.028495
-0.006278
0.025560
0.061812
0.098355
0.099151
0.084943
0.081391
0.070898
0.056193
0.043121
0.038544
0.040071
0.044074
0.042643
0.052550
0.056839
0.046041
0.031036
0.017283
0.006112
-0.024728
-0.061197
-0.096429
-0.133398
-0.174214
-0.211595
-0.246522
-0.274847
-0.284698
-0.288835
-0.286753
-0.280171
-0.281075
-0.290650
-0.322287
-0.352866
-0.376405
-0.388413
-0.390239
-0.394019
-0.398676
-0.397346
-0.386257
-0.368745
-0.348639
-0.350894
-0.364568
-0.373351
-0.380611
-0.383782
-0.376902
-0.358979
-0.329560
-0.296893
-0.256311
-0.200697
-0.132543
-0.057064
0.018152
0.099101
0.186997
0.283750
0.385236
0.486083
0.582630
0.670415
0.752154
0.836751
0.907024
0.943020
0.973879
0.978623
0.952267
0.906662
0.826753
0.738362
0.652073
0.547512
0.448124
0.340542
0.228241
0.130054
0.046674
-0.019672
-0.072449
-0.101843
-0.113944
-0.146743
-0.197112
-0.236838
-0.275599
-0.297570
-0.303370
-0.298445
-0.299794
-0.291561
-0.273341
-0.258584
-0.259100
-0.251581
-0.264247
-0.285752
-0.302102
-0.305530
-0.300583
-0.285026
-0.271154
-0.249030
-0.222108
-0.177150
-0.129584
-0.094339
-0.049508
-0.017339
-0.003725
-0.003517
-0.014659
-0.022688
-0.032064
-0.045940
-0.063105
-0.071244
-0.066764
-0.079059
-0.094085
-0.093916
-0.076726
-0.057644
-0.044974
-0.039838
-0.031913
-0.039533
-0.046566
-0.042504
-0.016906
0.026079
0.080554
0.130455
0.182365
0.240916
0.313928
0.377702
0.441083
0.506415
0.543113
0.577276
0.576686
0.555900
0.510807
0.471531
0.441286
0.415682
0.395450
0.380561
0.329806
0.272943
0.216859
0.142271
0.049508
-0.036676
-0.112745
-0.182827
-0.245502
-0.300983
-0.350455
-0.402350
-0.452775
-0.492927
-0.528176
-0.558041
-0.583888
-0.602433
-0.611483
-0.616240
-0.614266
-0.608980
-0.594033
-0.568803
-0.544633
-0.512601
-0.478076
-0.437769
-0.393488
-0.343106
-0.285226
-0.211073
-0.131659
-0.051606
0.031618
0.091688
0.130577
0.169428
0.222799
0.277668
0.298262
0.309824
0.330558
0.360305
0.408196
0.444126
0.443927
0.418309
0.397310
0.382329
0.374806
0.385812
0.405878
0.418516
0.410953
0.397146
0.368739
0.332177
0.282958
0.239888
0.208331
0.166055
0.106805
0.061266
0.018636
-0.029651
-0.076925
-0.129412
-0.191580
-0.245315
-0.278892
-0.302662
-0.322634
-0.335304
-0.341874
-0.337526
-0.331537
-0.332005
-0.323930
-0.311350
-0.298621
-0.288406
-0.278921
-0.258789
-0.229561
-0.211882
-0.213904
-0.222805
-0.227174
-0.224536
-0.211590
-0.188612
-0.149593
-0.100541
-0.053601
-0.030096
-0.000913
0.016992
0.020260
0.039085
0.068937
0.108465
0.152956
0.180474
0.208622
0.232193
0.245915
0.248319
0.210237
0.174757
0.159007
0.161544
0.174635
0.186398
0.151799
0.099517
0.065873
0.047707
0.054442
0.072558
0.114654
0.174709
0.205446
0.248251
0.300565
0.352614
0.399359
0.434772
0.415571
0.392507
0.378760
0.371348
0.354023
0.321177
0.289884
0.257761
0.217141
0.186345
0.117723
0.040738
-0.029528
-0.097540
-0.167280
-0.234833
-0.295080
-0.339582
-0.381215
-0.425539
-0.467202
-0.496803
-0.522335
-0.539964
-0.547278
-0.537025
-0.519320
-0.497241
-0.473024
-0.455772
-0.430512
-0.397929
-0.361278
-0.318351
-0.285165
-0.260615
-0.260795
-0.248182
-0.228460
-0.196531
-0.163160
-0.120713
-0.061156
-0.000999
0.037662
0.082799
0.141970
0.201594
0.273419
0.324408
0.359354
0.407262
0.457950
0.504768
0.561034
0.611573
0.634117
0.632885
0.644367
0.655990
0.669675
0.688769
0.710819
0.733073
0.689737
0.633369
0.580931
0.527979
0.462825
0.381533
0.298977
0.220861
0.148447
0.078079
0.013080
-0.047511
-0.104654
-0.153653
-0.194313
-0.230368
-0.258202
-0.281170
-0.298460
-0.313409
-0.324838
-0.331706
-0.332171
-0.331614
-0.328538
-0.322762
-0.315632
-0.306479
-0.296920
-0.289871
-0.279801
-0.268421
-0.257878
-0.250373
-0.242373
-0.238668
-0.241366
-0.249665
-0.257755
-0.263405
-0.266998
-0.269862
-0.273605
-0.277612
-0.278324
-0.275851
-0.274667
-0.273258
-0.270557
-0.271516
-0.272066
-0.274337
-0.273115
-0.275226
-0.276897
-0.275357
-0.272784
-0.265460
-0.256030
-0.243827
-0.227026
-0.200928
-0.170035
-0.140901
-0.113119
-0.076369
-0.034034
0.017485
0.077471
0.138272
0.200352
0.262797
0.323992
0.375709
0.406915
0.419044
0.434146
0.453186
0.470937
0.486937
0.492309
0.496387
0.500338
0.501236
0.497357
0.471849
0.423488
0.359907
0.294800
0.225552
0.149279
0.080307
0.010661
-0.051780
-0.102815
-0.145748
-0.187754
-0.231682
-0.271779
-0.314606
-0.358553
-0.399001
-0.431921
-0.459494
-0.480252
-0.496487
-0.502706
-0.498865
-0.478187
-0.446424
-0.398382
-0.339467
-0.277006
-0.209920
-0.137381
-0.062133
0.022798
0.108785
0.199958
0.252130
0.284729
0.323490
0.363586
0.400565
0.435958
0.455737
0.429718
0.401016
0.377988
0.346662
0.308134
0.280376
0.260823
0.260813
0.265797
0.281561
0.299203
0.319574
0.347098
0.339110
0.289976
0.238288
0.191368
0.146978
0.095126
0.054550
0.021223
-0.021697
-0.074591
-0.130774
-0.190521
-0.254584
-0.312716
-0.370081
-0.417056
-0.459970
-0.493441
-0.525849
-0.547750
-0.559856
-0.562060
-0.554593
-0.539115
-0.511423
-0.470457
-0.425193
-0.373991
-0.314669
-0.255636
-0.194702
-0.126732
-0.055430
0.015655
0.091102
0.163909
0.223284
0.248982
0.274397
0.300307
0.305326
0.250717
0.205420
0.163963
0.132582
0.109114
0.095624
0.093655
0.109946
0.143986
0.180941
0.224441
0.274220
0.317356
0.363006
0.414677
0.473854
0.537102
0.596444
0.629595
0.621152
0.602563
0.566248
0.522249
0.431020
0.319767
0.217463
0.124856
0.037542
-0.045204
-0.121961
-0.197566
-0.270128
-0.331025
-0.376595
-0.406616
-0.422884
-0.427929
-0.425863
-0.419744
-0.401494
-0.368624
-0.329848
-0.279679
-0.223150
-0.155225
-0.076270
0.013679
0.111835
0.205089
0.266506
0.295566
0.318180
0.288434
0.237493
0.178626
0.118722
0.063139
0.008796
-0.049265
-0.099298
-0.147012
-0.185972
-0.222696
-0.258950
-0.280650
-0.305234
-0.324330
-0.348382
-0.373467
-0.394381
-0.411171
-0.418748
-0.424912
-0.436715
-0.440476
-0.437730
-0.431257
-0.426347
-0.415855
-0.401467
-0.378697
-0.352287
-0.318942
-0.279720
-0.232470
-0.180255
-0.120803
-0.059064
0.000789
0.065285
0.104596
0.122224
0.141606
0.165517
0.201735
0.260798
0.316070
0.359656
0.380116
0.391847
0.393045
0.378471
0.359044
0.354082
0.356804
0.353387
0.352402
0.325896
0.288901
0.266024
0.257887
0.273465
0.277385
0.268444
0.259794
0.246211
0.211028
0.156536
0.120621
0.093132
0.069781
0.052593
0.044489
0.026986
0.027039
0.035518
0.025218
0.000431
-0.008522
-0.021475
-0.044136
-0.077815
-0.091556
-0.088816
-0.080735
-0.091292
-0.084715
-0.066444
-0.071448
-0.062555
-0.056119
-0.063530
-0.075274
-0.081581
-0.068325
-0.043904
-0.000142
0.049332
0.076461
0.097859
0.123877
0.163268
0.200293
0.223484
0.221225
0.199385
0.186807
0.163835
0.150769
0.134583
0.115257
0.097751
0.073964
0.061658
0.044424
0.027004
0.006501
-0.023049
-0.066242
-0.095537
-0.110950
-0.104682
-0.090763
-0.075719
-0.064325
-0.049369
-0.046090
-0.048332
-0.055492
-0.091026
-0.141880
-0.184707
-0.213415
-0.237845
-0.256726
-0.265457
-0.260402
-0.252972
-0.237377
-0.210208
-0.180214
-0.136485
-0.087601
-0.031771
-0.005802
-0.014944
-0.023353
-0.022529
-0.024269
-0.031513
-0.032242
-0.050343
-0.069808
-0.080678
-0.099822
-0.133709
-0.168778
-0.201993
-0.225168
-0.239283
-0.284034
-0.332274
-0.372628
-0.403559
-0.433256
-0.462215
-0.485701
-0.490361
-0.472914
-0.442561
-0.399959
-0.341271
-0.295282
-0.261762
-0.216202
-0.154899
-0.082398
-0.017537
0.016805
0.048917
0.086440
0.139743
0.208662
0.294531
0.397941
0.509767
0.592563
0.664565
0.751434
0.831956
0.929460
1.016538
1.086383
1.121421
1.096420
1.040593
0.973098
0.893560
0.815465
0.744054
0.658608
0.580295
0.509948
0.450428
0.383764
0.311225
0.234161
0.161202
0.092662
0.036333
-0.010312
-0.058237
-0.108572
-0.161258
-0.207800
-0.245008
-0.271110
-0.304420
-0.335426
-0.356499
-0.374593
-0.391525
-0.412386
-0.428835
-0.453369
-0.476040
-0.493070
-0.501479
-0.499008
-0.491177
-0.475238
-0.457345
-0.435883
-0.411730
-0.376174
-0.337366
-0.295072
-0.249230
-0.199119
-0.146437
-0.093198
-0.036170
0.018793
0.075392
0.131335
0.193605
0.260629
0.325131
0.364105
0.380963
0.352824
0.300332
0.254805
0.209813
0.168151
0.130202
0.094362
0.061553
0.030115
0.004050
-0.020529
-0.041726
-0.065706
-0.086595
-0.108002
-0.125669
-0.142411
-0.155660
-0.161514
-0.163275
-0.164072
-0.167819
-0.168367
-0.164411
-0.161318
-0.163045
-0.166176
-0.172102
-0.172142
-0.169326
-0.166272
-0.165010
-0.166767
-0.169082
-0.166766
-0.163259
-0.158472
-0.154680
-0.149903
-0.149199
-0.154688
-0.161020
-0.169399
-0.173486
-0.179459
-0.182763
-0.187977
-0.195005
-0.195778
-0.198753
-0.201566
-0.197393
-0.189982
-0.181664
-0.163627
-0.141467
-0.119977
-0.096913
-0.066525
-0.030023
0.007458
0.048727
0.089514
0.111190
0.115243
0.129706
0.151416
0.177719
0.210864
0.251088
0.292261
0.333044
0.382192
0.422678
0.409505
0.361296
0.325966
0.291315
0.263313
0.236422
0.208608
0.181261
0.147901
0.124096
0.115720
0.123022
0.139239
0.164138
0.197571
0.239088
0.279021
0.315557
0.341131
0.373860
0.395769
0.372814
0.319152
0.269092
0.216021
0.167867
0.122609
0.077313
0.035738
-0.001973
-0.036021
-0.063967
-0.090240
-0.116609
-0.139246
-0.156284
-0.172028
-0.188414
-0.204227
-0.218151
-0.224647
-0.226725
-0.225308
-0.220868
-0.213847
-0.201194
-0.192024
-0.181115
-0.169593
-0.158796
-0.148970
-0.139443
-0.128186
-0.120613
-0.131256
-0.153030
-0.173630
-0.190519
-0.204595
-0.218091
-0.224916
-0.233248
-0.240621
-0.244107
-0.243034
-0.236522
-0.226250
-0.216527
-0.204744
-0.196999
-0.194514
-0.192529
-0.186599
-0.180810
-0.174497
-0.164657
-0.152110
-0.139711
-0.126442
-0.109092
-0.090500
-0.072039
-0.048775
-0.022003
0.006727
0.042465
0.080969
0.109959
0.142540
0.176580
0.215131
0.261320
0.300086
0.333979
0.377975
0.411975
0.416733
0.418730
0.420110
0.425020
0.414490
0.397786
0.378892
0.362077
0.350526
0.344086
0.344169
0.337091
0.297687
0.225008
0.158320
0.094613
0.030114
-0.032973
-0.090707
-0.138577
-0.182785
-0.223321
-0.258197
-0.290674
-0.318243
-0.341555
-0.367649
-0.390803
-0.413427
-0.430372
-0.436023
-0.430798
-0.415292
-0.399014
-0.372650
-0.337773
-0.294738
-0.251257
-0.211456
-0.165907
-0.118155
-0.067097
-0.015851
0.038522
0.094876
0.143295
0.154948
0.158262
0.165192
0.176490
0.195343
0.216997
0.242220
0.245492
0.224366
0.197825
0.177811
0.142669
0.087762
0.036424
-0.006241
-0.046953
-0.082936
-0.109390
-0.125817
-0.134852
-0.139226
-0.131353
-0.115994
-0.087144
-0.059486
-0.018554
0.030447
0.078622
0.118922
0.149000
0.155069
0.158073
0.141412
0.115509
0.089368
0.069382
0.065900
0.062548
0.039683
0.017328
0.015193
0.017423
0.022082
0.023265
0.015951
0.017560
0.027773
0.048535
0.077142
0.093582
0.110168
0.133137
0.153130
0.153547
0.143706
0.143787
0.152047
0.141604
0.124152
0.107235
0.086679
0.062252
0.046666
0.036657
0.032464
0.037456
0.055621
0.084903
0.101591
0.106136
0.119729
0.139394
0.154237
0.172244
0.167165
0.158852
0.156656
0.164196
0.173626
0.134714
0.069555
0.010914
-0.039952
-0.085819
-0.127471
-0.155514
-0.177358
-0.200675
-0.217995
-0.225778
-0.229703
-0.224917
-0.214286
-0.202852
-0.187957
-0.167192
-0.143016
-0.112857
-0.080663
-0.045239
-0.002924
0.036630
0.075894
0.111257
0.120610
0.116459
0.087238
0.051361
0.022656
-0.002143
-0.028234
-0.052847
-0.080943
-0.107542
-0.131592
-0.152269
-0.169806
-0.187131
-0.200357
-0.207071
-0.202792
-0.188709
-0.168442
-0.146713
-0.129573
-0.113908
-0.091162
-0.064895
-0.036617
0.001322
0.044361
0.094451
0.152233
0.197274
0.219564
0.239351
0.256325
0.253354
0.231526
0.197245
0.163473
0.136987
0.111880
0.083987
0.057499
0.038269
0.025085
0.014654
0.008554
0.002700
0.003674
0.009560
0.003321
-0.005579
-0.009768
-0.009175
-0.003400
0.007444
0.026862
0.053520
0.089077
0.100063
0.084899
0.067609
0.052837
0.037603
0.024149
0.012086
-0.004930
-0.020545
-0.037551
-0.054755
-0.068743
-0.083333
-0.096460
-0.107556
-0.115392
-0.123328
-0.126339
-0.125781
-0.125117
-0.121532
-0.115339
-0.106612
-0.093511
-0.081627
-0.074235
-0.067175
-0.062123
-0.054810
-0.044061
-0.033149
-0.025433
-0.016835
-0.006259
0.004252
0.013861
0.021858
0.030811
0.033313
0.033127
0.029575
0.023835
0.016829
0.007776
-0.002735
-0.014488
-0.023094
-0.030744
-0.034404
-0.036596
-0.038431
-0.043355
-0.048514
-0.053603
-0.062087
-0.074251
-0.084503
-0.091594
-0.099093
-0.101879
-0.101299
-0.100120
-0.103662
-0.107298
-0.105250
-0.100819
-0.091492
-0.081728
-0.069289
-0.057719
-0.044747
-0.031761
-0.013820
0.009171
0.033175
0.056740
0.084792
0.113603
0.144075
0.179656
0.203028
0.218598
0.241020
0.263212
0.263885
0.245363
0.223661
0.194285
0.165714
0.138294
0.113838
0.090860
0.071114
0.053540
0.033195
0.012805
-0.009629
-0.026996
-0.039592
-0.049585
-0.058611
-0.072362
-0.081288
-0.087148
-0.092519
-0.096077
-0.096875
-0.088573
-0.076944
-0.063053
-0.053063
-0.045396
-0.040241
-0.034545
-0.027780
-0.023285
-0.018056
-0.013127
-0.007143
0.002340
0.013399
0.022832
0.028776
0.034303
0.041648
0.047357
0.050740
0.050888
0.053538
0.049952
0.050173
0.052646
0.052319
0.050635
0.046913
0.038696
0.025172
0.008915
-0.005933
-0.015895
-0.025046
-0.032210
-0.040219
-0.047850
-0.052115
-0.055240
-0.058879
-0.060309
-0.061168
-0.064071
-0.069484
-0.071532
-0.069751
-0.066690
-0.063595
-0.060407
-0.055520
-0.053644
-0.049756
-0.047906
-0.047174
-0.042524
-0.037462
-0.035268
-0.035097
-0.033375
-0.027804
-0.020212
-0.013532
-0.005958
0.000187
0.003833
0.009455
0.013120
0.017699
0.024577
0.032469
0.042928
0.054811
0.065367
0.075340
0.079586
0.080066
0.080327
0.073110
0.063436
0.051028
0.040734
0.035270
0.030295
0.020769
0.009934
-0.002262
-0.013774
-0.024641
-0.036786
-0.044511
-0.042456
-0.039524
-0.037883
-0.035969
-0.029843
-0.024950
-0.020510
-0.013484
-0.002336
0.006074
0.014709
0.021425
0.024636
0.024723
0.024283
0.024162
0.026327
0.027134
0.028056
0.025635
0.021489
0.016873
0.009057
0.001977
-0.002757
-0.005479
-0.006536
-0.005395
-0.002872
-0.000367
0.003095
0.004271
0.001455
-0.005625
-0.011398
-0.015220
-0.019993
-0.027201
-0.036730
-0.045583
-0.049162
-0.049861
-0.046806
-0.042499
-0.039443
-0.034423
-0.030233
-0.026217
-0.021596
-0.014621
-0.008361
-0.003563
0.001865
0.005604
0.009556
0.012303
0.016010
0.018802
0.022381
0.020387
0.019368
0.018820
0.017043
0.017578
0.016713
0.014805
0.014254
0.016907
0.017179
0.015050
0.013312
0.009590
0.005530
0.003931
0.001098
-0.005566
-0.007863
-0.006933
-0.005870
-0.004084
-0.002539
-0.006168
-0.011524
-0.014415
-0.013193
-0.016568
-0.020389
-0.022440
-0.025572
-0.026056
-0.024700
-0.022499
-0.022673
-0.023855
-0.022148
-0.021751
-0.021783
-0.021773
-0.025936
-0.027093
-0.026630
-0.025235
-0.021102
-0.019351
-0.014605
-0.013044
-0.014972
-0.015597
-0.014913
-0.014314
-0.010277
-0.007680
-0.008290
-0.008707
-0.007490
-0.006977
0.000691
0.009873
0.026479
0.041661
0.061376
0.081963
0.102457
0.120717
0.119185
0.103720
0.087816
0.063647
0.043742
0.021461
-0.003810
-0.029399
-0.055032
-0.078977
-0.097790
-0.111252
-0.123204
-0.128127
-0.127778
-0.128359
-0.128152
-0.126250
-0.118784
-0.114502
-0.111862
-0.112427
-0.130795
-0.152042
-0.172178
-0.191424
-0.202891
-0.210478
-0.214982
-0.214873
-0.211575
-0.205544
-0.196334
-0.181400
-0.161517
-0.137288
-0.114448
-0.096241
-0.080117
-0.056295
-0.027065
0.012661
0.054857
0.104502
0.131428
0.132146
0.135549
0.132778
0.126815
0.125259
0.130115
0.150180
0.177969
0.214928
0.258671
0.280928
0.283846
0.287299
0.298611
0.316686
0.341599
0.371064
0.371303
0.371412
0.377258
0.370316
0.349774
0.336909
0.325946
0.300804
0.274346
0.254160
0.243970
0.236013
0.242561
0.244710
0.238820
0.216907
0.176314
0.138428
0.104393
0.074607
0.049594
0.025115
0.002064
-0.017665
-0.031538
-0.040718
-0.040046
-0.047874
-0.060688
-0.069802
-0.077931
-0.084316
-0.108951
-0.135705
-0.157330
-0.174353
-0.183392
-0.182769
-0.174677
-0.174420
-0.176580
-0.176714
-0.176605
-0.180559
-0.185553
-0.185447
-0.180661
-0.171691
-0.160525
-0.148320
-0.136555
-0.123265
-0.114563
-0.111442
-0.107917
-0.103900
-0.098883
-0.096906
-0.096465
-0.094807
-0.094069
-0.093203
-0.092554
-0.096431
-0.100429
-0.105972
-0.115285
-0.121895
-0.129449
-0.137569
-0.140807
-0.147508
-0.155879
-0.161719
-0.168359
-0.179709
-0.195259
-0.214509
-0.231244
-0.249504
-0.269039
-0.287219
-0.304416
-0.317899
-0.332124
-0.347835
-0.356339
-0.363605
-0.369836
-0.371924
-0.368154
-0.361939
-0.350378
-0.334010
-0.316458
-0.292525
-0.259804
-0.221246
-0.176620
-0.124697
-0.075507
-0.028745
0.018738
0.064867
0.117429
0.154480
0.171363
0.189933
0.217326
0.255728
0.302174
0.354672
0.411750
0.462811
0.518003
0.570427
0.635934
0.705251
0.766350
0.841797
0.918144
0.978497
1.024921
1.042854
1.050198
1.007498
0.941889
0.853290
0.751774
0.647074
0.522957
0.397443
0.287547
0.188306
0.094662
0.009326
-0.059551
-0.145139
-0.249764
-0.342798
-0.427663
-0.508973
-0.572874
-0.624176
-0.669916
-0.704816
-0.730393
-0.748125
-0.745359
-0.726824
-0.693574
-0.658221
-0.611063
-0.559029
-0.494937
-0.428856
-0.364075
-0.302269
-0.254450
-0.221996
-0.201972
-0.174906
-0.161058
-0.157825
-0.153962
-0.140404
-0.118382
-0.106125
-0.092158
-0.063936
-0.041737
-0.028291
-0.022431
-0.006633
0.016119
0.047299
0.078818
0.113672
0.166527
0.225257
0.268426
0.311563
0.340765
0.360433
0.366376
0.365045
0.343802
0.314956
0.290963
0.261205
0.228792
0.195180
0.176421
0.160479
0.135920
0.117459
0.108723
0.100503
0.083740
0.073786
0.064660
0.077064
0.083140
0.070707
0.062887
0.041471
0.017963
0.007058
0.012652
0.014813
0.007128
-0.043744
-0.104459
-0.156950
-0.204032
-0.226810
-0.235015
-0.246662
-0.246334
-0.237074
-0.220659
-0.183450
-0.140164
-0.095178
-0.065934
-0.045510
-0.018322
0.028561
0.074082
0.103214
0.103881
0.093897
0.106613
0.118500
0.131244
0.153048
0.156439
0.162678
0.159873
0.151610
0.138312
0.109020
0.078180
0.049942
0.004645
-0.040256
-0.079323
-0.118886
-0.154826
-0.198631
-0.224769
-0.230568
-0.243012
-0.237873
-0.232139
-0.204777
-0.153407
-0.083161
-0.012930
0.054515
0.109292
0.153174
0.155566
0.156120
0.153078
0.160648
0.175992
0.201659
0.225648
0.240581
0.213173
0.186527
0.169484
0.159456
0.130321
0.109196
0.121992
0.148015
0.157020
0.149959
0.158356
0.181394
0.196031
0.169873
0.148842
0.131635
0.102321
0.075204
0.048683
0.035129
0.016376
-0.013950
-0.061800
-0.109910
-0.146281
-0.202939
-0.263382
-0.299987
-0.325392
-0.345179
-0.357803
-0.359740
-0.363348
-0.365978
-0.348084
-0.317776
-0.282596
-0.245148
-0.240119
-0.251669
-0.244767
-0.233413
-0.228343
-0.213798
-0.180752
-0.149955
-0.100006
-0.028193
0.048537
0.113054
0.159640
0.214911
0.244326
0.229704
0.216425
0.237123
0.237496
0.235664
0.240063
0.231136
0.218623
0.224769
0.235630
0.251830
0.261529
0.271587
0.276553
0.278939
0.259377
0.254823
0.228195
0.191562
0.171472
0.147246
0.107668
0.076454
0.069439
0.082608
0.093317
0.122729
0.128231
0.127206
0.133653
0.154312
0.182528
0.200434
0.203404
0.177256
0.121944
0.068868
0.034362
0.014231
-0.024511
-0.073768
-0.119773
-0.153558
-0.179368
-0.205398
-0.227828
-0.265958
-0.303815
-0.341906
-0.373549
-0.390161
-0.395257
-0.405904
-0.409790
-0.410880
-0.401156
-0.392137
-0.376950
-0.350115
-0.320844
-0.285101
-0.242692
-0.199369
-0.140165
-0.088553
-0.047496
-0.002650
0.061035
0.113235
0.141076
0.158735
0.164991
0.181307
0.184086
0.172051
0.149326
0.118394
0.089095
0.054422
0.030495
0.019844
0.023614
0.043675
0.074010
0.104889
0.146655
0.193291
0.215014
0.205910
0.155906
0.122451
0.106841
0.110839
0.113890
0.120774
0.142619
0.167822
0.193090
0.205879
0.226885
0.239656
0.240889
0.246621
0.263790
0.282981
0.314939
0.330716
0.310217
0.274049
0.215277
0.156741
0.074854
-0.007897
-0.089518
-0.155903
-0.219551
-0.272397
-0.325505
-0.375833
-0.415599
-0.450067
-0.482861
-0.502716
-0.516342
-0.518098
-0.515748
-0.504851
-0.487010
-0.469785
-0.448228
-0.421450
-0.386505
-0.336783
-0.281462
-0.217497
-0.147366
-0.073920
-0.007557
0.031769
0.052324
0.083517
0.124783
0.173715
0.226125
0.280370
0.307214
0.309667
0.296870
0.275329
0.247743
0.214665
0.196578
0.183203
0.174361
0.166016
0.157383
0.139980
0.076140
-0.003284
-0.064824
-0.104911
-0.121039
-0.131435
-0.144700
-0.155521
-0.159442
-0.164908
-0.179166
-0.182648
-0.164053
-0.125038
-0.083202
-0.040916
-0.007433
0.023102
0.022789
0.026831
0.030992
0.037568
0.055345
0.077041
0.093810
0.123101
0.131141
0.136524
0.167591
0.222559
0.262685
0.277337
0.288865
0.296641
0.303903
0.311687
0.319464
0.329333
0.348385
0.353176
0.336135
0.306699
0.284021
0.256738
0.232439
0.204629
0.153941
0.087506
0.035138
-0.013212
-0.053171
-0.084092
-0.107941
-0.131142
-0.154298
-0.184283
-0.209174
-0.222046
-0.226369
-0.227635
-0.218734
-0.210657
-0.205044
-0.227864
-0.253651
-0.272702
-0.283369
-0.281720
-0.271974
-0.254619
-0.241658
-0.239114
-0.257575
-0.274308
-0.276932
-0.271295
-0.259894
-0.233916
-0.194846
-0.154403
-0.126345
-0.101941
-0.056895
-0.011974
0.041155
0.105208
0.179306
0.256122
0.286229
0.304649
0.303811
0.294619
0.277505
0.247736
0.220050
0.205719
0.198587
0.197398
0.199415
0.219968
0.249727
0.276600
0.319982
0.344530
0.353974
0.360864
0.355412
0.341533
0.335456
0.334096
0.318567
0.294136
0.229513
0.155536
0.095027
0.044568
0.005497
-0.035015
-0.070969
-0.105261
-0.135282
-0.164764
-0.195009
-0.219812
-0.244603
-0.263483
-0.280770
-0.288694
-0.283410
-0.277330
-0.273789
-0.260000
-0.237108
-0.204656
-0.174417
-0.164550
-0.165729
-0.180100
-0.197898
-0.213526
-0.219689
-0.209157
-0.191508
-0.189389
-0.210898
-0.235307
-0.253356
-0.265381
-0.270357
-0.267651
-0.254475
-0.248481
-0.247715
-0.245984
-0.248133
-0.248935
-0.255118
-0.262144
-0.264637
-0.266870
-0.268820
-0.269386
-0.270957
-0.261388
-0.237000
-0.209664
-0.178719
-0.140291
-0.095578
-0.049066
-0.002360
0.047027
0.106752
0.166405
0.223062
0.264192
0.302622
0.331785
0.366844
0.405128
0.462280
0.510843
0.521085
0.497080
0.462270
0.414031
0.349744
0.262859
0.195196
0.146050
0.108274
0.080697
0.059622
0.045403
0.018784
0.000297
-0.011596
-0.004980
0.010213
0.036339
0.071578
0.109263
0.150946
0.164203
0.155427
0.172667
0.149231
0.117839
0.085741
0.056532
0.032729
0.011908
-0.025806
-0.055248
-0.064897
-0.066480
-0.057647
-0.066975
-0.069439
-0.057763
-0.033246
-0.000845
0.034664
0.070649
0.072708
0.066483
0.069050
0.072164
0.057714
0.041142
0.007888
-0.018242
-0.037573
-0.050456
-0.066111
-0.082476
-0.098701
-0.106990
-0.106590
-0.088215
-0.055015
-0.021772
0.017212
0.051789
0.079061
0.106212
0.117378
0.124027
0.109927
0.105882
0.100406
0.095264
0.088294
0.076726
0.093827
0.107468
0.067736
0.027600
-0.004113
-0.029400
-0.064680
-0.095001
-0.111733
-0.121065
-0.147751
-0.167918
-0.174049
-0.175516
-0.186350
-0.192599
-0.189170
-0.196748
-0.209150
-0.217635
-0.228187
-0.231802
-0.224523
-0.217877
-0.203363
-0.186542
-0.159032
-0.123638
-0.085885
-0.039368
0.016813
0.054382
0.078304
0.100141
0.109759
0.108472
0.114683
0.108771
0.065668
0.030588
0.009476
-0.004256
-0.001491
0.021196
0.042604
0.073683
0.084900
0.090819
0.112067
0.121018
0.110319
0.081840
0.041296
0.023372
0.000396
-0.025577
-0.039853
-0.064688
-0.088922
-0.112999
-0.146761
-0.182889
-0.235693
-0.282350
-0.309020
-0.310434
-0.302978
-0.277884
-0.247260
-0.212148
-0.180639
-0.149653
-0.130161
-0.120415
-0.096123
-0.054562
-0.011624
0.023950
0.045357
0.077087
0.103909
0.124101
0.126906
0.133879
0.145371
0.144832
0.184770
0.234143
0.262366
0.259541
0.248198
0.258127
0.284748
0.320791
0.340665
0.365318
0.400957
0.438558
0.456929
0.449690
0.423933
0.397500
0.347370
0.271707
0.192271
0.111755
0.030787
-0.042628
-0.120072
-0.171994
-0.208575
-0.226497
-0.240445
-0.246584
-0.258212
-0.268148
-0.277700
-0.309639
-0.338916
-0.356848
-0.353244
-0.343274
-0.342515
-0.322652
-0.286284
-0.248542
-0.202996
-0.136493
-0.063082
-0.005022
0.035845
0.074406
0.096334
0.118890
0.145982
0.165655
0.191612
0.208095
0.216997
0.212053
0.208009
0.216097
0.211143
0.181955
0.154976
0.119353
0.098905
0.085319
0.072236
0.052169
0.026719
-0.013402
-0.056815
-0.075157
-0.087785
-0.105443
-0.131870
-0.186818
-0.224674
-0.246317
-0.245952
-0.224635
-0.189329
-0.138311
-0.101207
-0.048456
0.009315
0.063672
0.125432
0.192338
0.257684
0.317604
0.381849
0.402037
0.401070
0.396463
0.381888
0.362729
0.361932
0.359041
0.362743
0.348704
0.316864
0.284362
0.230769
0.180716
0.132890
0.097891
0.041690
0.005563
-0.015456
-0.035324
-0.057091
-0.083798
-0.103579
-0.118347
-0.157033
-0.205450
-0.264024
-0.312247
-0.350617
-0.392606
-0.432095
-0.446708
-0.439365
-0.405686
-0.357321
-0.310657
-0.263909
-0.201272
-0.120840
-0.051066
0.008356
0.069026
0.125060
0.188835
0.249674
0.306684
0.337686
0.348210
0.339766
0.301297
0.261052
0.205377
0.145824
0.076349
0.006650
-0.056401
-0.111879
-0.145993
-0.171490
-0.186158
-0.189015
-0.185838
-0.200243
-0.235644
-0.274063
-0.287973
-0.297370
-0.289633
-0.275122
-0.265537
-0.253916
-0.231160
-0.217901
-0.173520
-0.097776
-0.008602
0.115289
0.293347
0.531447
0.716625
0.712442
0.667314
0.533012
0.336799
0.211690
0.111584
-0.041318
-0.145083
-0.159169
-0.149750
-0.054874
0.003025
0.004710
0.011365
-1.000000
-1.000000
-1.000000
-1.000000
